# 1:iteration	2:time	3:patch	4:level	5:i	6:j	7:k	8:x	9:y	10:z	11:u_err	12:rho_err
972	1.4999999999999702e+00	0	0	-3	162	162	-4.0740740740740744e+00	-2.2204460492503131e-16	-2.2204460492503131e-16	1.1796429384036765e-37	4.6443031199418858e-36
972	1.4999999999999702e+00	0	0	-2	162	162	-4.0493827160493829e+00	-2.2204460492503131e-16	-2.2204460492503131e-16	4.9296333257179655e-39	2.5969137480695794e-36
972	1.4999999999999702e+00	0	0	-1	162	162	-4.0246913580246915e+00	-2.2204460492503131e-16	-2.2204460492503131e-16	-9.2376401908194449e-39	-3.5352483905121741e-37
972	1.4999999999999702e+00	0	0	0	162	162	-4.0000000000000000e+00	-2.2204460492503131e-16	-2.2204460492503131e-16	1.2284130327494358e-39	-1.3900083303809500e-37
972	1.4999999999999702e+00	0	0	1	162	162	-3.9753086419753085e+00	-2.2204460492503131e-16	-2.2204460492503131e-16	2.5681491784457873e-40	-3.4898754071690286e-37
972	1.4999999999999702e+00	0	0	2	162	162	-3.9506172839506171e+00	-2.2204460492503131e-16	-2.2204460492503131e-16	-1.7056637784374310e-38	-6.4136700331318908e-37
972	1.4999999999999702e+00	0	0	3	162	162	-3.9259259259259260e+00	-2.2204460492503131e-16	-2.2204460492503131e-16	1.3312027703276581e-38	5.1019025571024180e-36
972	1.4999999999999702e+00	0	0	4	162	162	-3.9012345679012346e+00	-2.2204460492503131e-16	-2.2204460492503131e-16	2.3001157245691327e-37	8.7004266062385382e-36
972	1.4999999999999702e+00	0	0	5	162	162	-3.8765432098765431e+00	-2.2204460492503131e-16	-2.2204460492503131e-16	-8.3102776657161393e-38	-5.6470137280107605e-35
972	1.4999999999999702e+00	0	0	6	162	162	-3.8518518518518521e+00	-2.2204460492503131e-16	-2.2204460492503131e-16	-2.2983816910287701e-36	-7.2378980652166090e-35
972	1.4999999999999702e+00	0	0	7	162	162	-3.8271604938271606e+00	-2.2204460492503131e-16	-2.2204460492503131e-16	3.2103851323988107e-36	7.9578844376931035e-34
972	1.4999999999999702e+00	0	0	8	162	162	-3.8024691358024691e+00	-2.2204460492503131e-16	-2.2204460492503131e-16	3.6607476563441831e-35	1.3907717195953569e-33
972	1.4999999999999702e+00	0	0	9	162	162	-3.7777777777777777e+00	-2.2204460492503131e-16	-2.2204460492503131e-16	5.8278868993445227e-36	-6.6865517309215443e-33
972	1.4999999999999702e+00	0	0	10	162	162	-3.7530864197530862e+00	-2.2204460492503131e-16	-2.2204460492503131e-16	-2.3026740889005670e-34	-4.9557678454745897e-33
972	1.4999999999999702e+00	0	0	11	162	162	-3.7283950617283952e+00	-2.2204460492503131e-16	-2.2204460492503131e-16	7.6664234055271909e-34	1.2432006528774931e-31
972	1.4999999999999702e+00	0	0	12	162	162	-3.7037037037037037e+00	-2.2204460492503131e-16	-2.2204460492503131e-16	6.3670757256394356e-33	2.7872861170697099e-31
972	1.4999999999999702e+00	0	0	13	162	162	-3.6790123456790123e+00	-2.2204460492503131e-16	-2.2204460492503131e-16	8.2443396240789773e-33	-4.2372918553496315e-31
972	1.4999999999999702e+00	0	0	14	162	162	-3.6543209876543212e+00	-2.2204460492503131e-16	-2.2204460492503131e-16	1.1800138655981078e-34	8.3089659035554572e-31
972	1.4999999999999702e+00	0	0	15	162	162	-3.6296296296296298e+00	-2.2204460492503131e-16	-2.2204460492503131e-16	2.0446122360264974e-31	2.1336107108363162e-29
972	1.4999999999999702e+00	0	0	16	162	162	-3.6049382716049383e+00	-2.2204460492503131e-16	-2.2204460492503131e-16	1.2775762902496469e-30	6.4755231563068141e-29
972	1.4999999999999702e+00	0	0	17	162	162	-3.5802469135802468e+00	-2.2204460492503131e-16	-2.2204460492503131e-16	3.2744749199170785e-30	7.7238411769935163e-29
972	1.4999999999999702e+00	0	0	18	162	162	-3.5555555555555554e+00	-2.2204460492503131e-16	-2.2204460492503131e-16	8.6867773626462643e-30	5.2244216864144443e-28
972	1.4999999999999702e+00	0	0	19	162	162	-3.5308641975308643e+00	-2.2204460492503131e-16	-2.2204460492503131e-16	5.5121509306554631e-29	4.1027514527086333e-27
972	1.4999999999999702e+00	0	0	20	162	162	-3.5061728395061729e+00	-2.2204460492503131e-16	-2.2204460492503131e-16	2.7652588309772131e-28	1.4895830363431009e-26
972	1.4999999999999702e+00	0	0	21	162	162	-3.4814814814814814e+00	-2.2204460492503131e-16	-2.2204460492503131e-16	9.1985174486396396e-28	3.8434940516275929e-26
972	1.4999999999999702e+00	0	0	22	162	162	-3.4567901234567904e+00	-2.2204460492503131e-16	-2.2204460492503131e-16	2.9990190360890398e-27	1.5584724477826842e-25
972	1.4999999999999702e+00	0	0	23	162	162	-3.4320987654320989e+00	-2.2204460492503131e-16	-2.2204460492503131e-16	1.3065305200450160e-26	7.9084783864402123e-25
972	1.4999999999999702e+00	0	0	24	162	162	-3.4074074074074074e+00	-2.2204460492503131e-16	-2.2204460492503131e-16	5.6103914464181772e-26	2.9914744778657255e-24
972	1.4999999999999702e+00	0	0	25	162	162	-3.3827160493827160e+00	-2.2204460492503131e-16	-2.2204460492503131e-16	1.9906122339135920e-25	9.2481939847683892e-24
972	1.4999999999999702e+00	0	0	26	162	162	-3.3580246913580245e+00	-2.2204460492503131e-16	-2.2204460492503131e-16	6.6843233451307965e-25	3.2550455680667118e-23
972	1.4999999999999702e+00	0	0	27	162	162	-3.3333333333333335e+00	-2.2204460492503131e-16	-2.2204460492503131e-16	2.4876143373261293e-24	1.3204235335338330e-22
972	1.4999999999999702e+00	0	0	28	162	162	-3.3086419753086420e+00	-2.2204460492503131e-16	-2.2204460492503131e-16	9.4761765363797504e-24	4.8125527613641582e-22
972	1.4999999999999702e+00	0	0	29	162	162	-3.2839506172839505e+00	-2.2204460492503131e-16	-2.2204460492503131e-16	3.2906146974609562e-23	1.5278237184231876e-21
972	1.4999999999999702e+00	0	0	30	162	162	-3.2592592592592595e+00	-2.2204460492503131e-16	-2.2204460492503131e-16	1.0729482314820331e-22	4.9114695039375684e-21
972	1.4999999999999702e+00	0	0	31	162	162	-3.2345679012345681e+00	-2.2204460492503131e-16	-2.2204460492503131e-16	3.5886779421784943e-22	1.7125748166126646e-20
972	1.4999999999999702e+00	0	0	32	162	162	-3.2098765432098766e+00	-2.2204460492503131e-16	-2.2204460492503131e-16	1.2275486981905010e-21	5.7916273716142216e-20
972	1.4999999999999702e+00	0	0	33	162	162	-3.1851851851851851e+00	-2.2204460492503131e-16	-2.2204460492503131e-16	4.0072666477636034e-21	1.7720608100901269e-19
972	1.4999999999999702e+00	0	0	34	162	162	-3.1604938271604937e+00	-2.2204460492503131e-16	-2.2204460492503131e-16	1.2301607360590224e-20	5.2032584734783231e-19
972	1.4999999999999702e+00	0	0	35	162	162	-3.1358024691358026e+00	-2.2204460492503131e-16	-2.2204460492503131e-16	3.7206310383789629e-20	1.5838387986729181e-18
972	1.4999999999999702e+00	0	0	36	162	162	-3.1111111111111112e+00	-2.2204460492503131e-16	-2.2204460492503131e-16	1.1375231069191675e-19	4.8367418303137445e-18
972	1.4999999999999702e+00	0	0	37	162	162	-3.0864197530864197e+00	-2.2204460492503131e-16	-2.2204460492503131e-16	3.3963753959297168e-19	1.3718965231726411e-17
972	1.4999999999999702e+00	0	0	38	162	162	-3.0617283950617287e+00	-2.2204460492503131e-16	-2.2204460492503131e-16	9.5664392970119976e-19	3.6004866916598514e-17
972	1.4999999999999702e+00	0	0	39	162	162	-3.0370370370370372e+00	-2.2204460492503131e-16	-2.2204460492503131e-16	2.5749276548313797e-18	9.3197138004349482e-17
972	1.4999999999999702e+00	0	0	40	162	162	-3.0123456790123457e+00	-2.2204460492503131e-16	-2.2204460492503131e-16	6.8490324887824455e-18	2.4426806149813194e-16
972	1.4999999999999702e+00	0	0	41	162	162	-2.9876543209876543e+00	-2.2204460492503131e-16	-2.2204460492503131e-16	1.7931662368394038e-17	6.0552373224145019e-16
972	1.4999999999999702e+00	0	0	42	162	162	-2.9629629629629628e+00	-2.2204460492503131e-16	-2.2204460492503131e-16	4.4205552811024677e-17	1.3093132398463932e-15
972	1.4999999999999702e+00	0	0	43	162	162	-2.9382716049382718e+00	-2.2204460492503131e-16	-2.2204460492503131e-16	9.9209457906517762e-17	2.4124322340972915e-15
972	1.4999999999999702e+00	0	0	44	162	162	-2.9135802469135803e+00	-2.2204460492503131e-16	-2.2204460492503131e-16	2.0309300212407757e-16	3.7961136294122554e-15
972	1.4999999999999702e+00	0	0	45	162	162	-2.8888888888888888e+00	-2.2204460492503131e-16	-2.2204460492503131e-16	3.7818815962972474e-16	3.7154253115951530e-15
972	1.4999999999999702e+00	0	0	46	162	162	-2.8641975308641978e+00	-2.2204460492503131e-16	-2.2204460492503131e-16	5.5627093610905293e-16	-1.0001542513206495e-14
972	1.4999999999999702e+00	0	0	47	162	162	-2.8395061728395063e+00	-2.2204460492503131e-16	-2.2204460492503131e-16	1.0903484814153919e-16	-8.7537574208994870e-14
972	1.4999999999999702e+00	0	0	48	162	162	-2.8148148148148149e+00	-2.2204460492503131e-16	-2.2204460492503131e-16	-3.5676578178464978e-15	-3.7707968680380722e-13
972	1.4999999999999702e+00	0	0	49	162	162	-2.7901234567901234e+00	-2.2204460492503131e-16	-2.2204460492503131e-16	-1.8472219190577366e-14	-1.2602199187276066e-12
972	1.4999999999999702e+00	0	0	50	162	162	-2.7654320987654319e+00	-2.2204460492503131e-16	-2.2204460492503131e-16	-6.6889653827719851e-14	-3.7642697327173079e-12
972	1.4999999999999702e+00	0	0	51	162	162	-2.7407407407407409e+00	-2.2204460492503131e-16	-2.2204460492503131e-16	-2.1180194962743983e-13	-1.0804491363263803e-11
972	1.4999999999999702e+00	0	0	52	162	162	-2.7160493827160495e+00	-2.2204460492503131e-16	-2.2204460492503131e-16	-6.3035074069064369e-13	-3.0139837801038644e-11
972	1.4999999999999702e+00	0	0	53	162	162	-2.6913580246913580e+00	-2.2204460492503131e-16	-2.2204460492503131e-16	-1.7862051032813846e-12	-8.0071380132154158e-11
972	1.4999999999999702e+00	0	0	54	162	162	-2.6666666666666670e+00	-2.2204460492503131e-16	-2.2204460492503131e-16	-4.7866121578235530e-12	-2.0031638463099092e-10
972	1.4999999999999702e+00	0	0	55	162	162	-2.6419753086419755e+00	-2.2204460492503131e-16	-2.2204460492503131e-16	-1.2127881190223881e-11	-4.7689280272022859e-10
972	1.4999999999999702e+00	0	0	56	162	162	-2.6172839506172840e+00	-2.2204460492503131e-16	-2.2204460492503131e-16	-2.9386643266166348e-11	-1.1024457683869887e-09
972	1.4999999999999702e+00	0	0	57	162	162	-2.5925925925925926e+00	-2.2204460492503131e-16	-2.2204460492503131e-16	-6.9069794641568648e-11	-2.5031340170724146e-09
972	1.4999999999999702e+00	0	0	58	162	162	-2.5679012345679011e+00	-2.2204460492503131e-16	-2.2204460492503131e-16	-1.5854922890847368e-10	-5.5576198421222177e-09
972	1.4999999999999702e+00	0	0	59	162	162	-2.5432098765432101e+00	-2.2204460492503131e-16	-2.2204460492503131e-16	-3.5448000714913199e-10	-1.1927737593666306e-08
972	1.4999999999999702e+00	0	0	60	162	162	-2.5185185185185186e+00	-2.2204460492503131e-16	-2.2204460492503131e-16	-7.6690629575965820e-10	-2.4566597473523186e-08
972	1.4999999999999702e+00	0	0	61	162	162	-2.4938271604938271e+00	-2.2204460492503131e-16	-2.2204460492503131e-16	-1.5991159280951255e-09	-4.8587783987244738e-08
972	1.4999999999999702e+00	0	0	62	162	162	-2.4691358024691361e+00	-2.2204460492503131e-16	-2.2204460492503131e-16	-3.2149895395361836e-09	-9.2761655071086935e-08
972	1.4999999999999702e+00	0	0	63	162	162	-2.4444444444444446e+00	-2.2204460492503131e-16	-2.2204460492503131e-16	-6.2511331784085117e-09	-1.7178780649607989e-07
972	1.4999999999999702e+00	0	0	64	162	162	-2.4197530864197532e+00	-2.2204460492503131e-16	-2.2204460492503131e-16	-1.1791235159205039e-08	-3.0920046981801217e-07
972	1.4999999999999702e+00	0	0	65	162	162	-2.3950617283950617e+00	-2.2204460492503131e-16	-2.2204460492503131e-16	-2.1613434737862638e-08	-5.4054952883389403e-07
972	1.4999999999999702e+00	0	0	66	162	162	-2.3703703703703702e+00	-2.2204460492503131e-16	-2.2204460492503131e-16	-3.8511944711257645e-08	-9.1643935117261975e-07
972	1.4999999999999702e+00	0	0	67	162	162	-2.3456790123456792e+00	-2.2204460492503131e-16	-2.2204460492503131e-16	-6.6681533725146138e-08	-1.5046838931378310e-06
972	1.4999999999999702e+00	0	0	68	162	162	-2.3209876543209877e+00	-2.2204460492503131e-16	-2.2204460492503131e-16	-1.1212538224210670e-07	-2.3898329952060093e-06
972	1.4999999999999702e+00	0	0	69	162	162	-2.2962962962962963e+00	-2.2204460492503131e-16	-2.2204460492503131e-16	-1.8298911672705718e-07	-3.6670040136543218e-06
972	1.4999999999999702e+00	0	0	70	162	162	-2.2716049382716053e+00	-2.2204460492503131e-16	-2.2204460492503131e-16	-2.8963992391763804e-07	-5.4262306915502795e-06
972	1.4999999999999702e+00	0	0	71	162	162	-2.2469135802469138e+00	-2.2204460492503131e-16	-2.2204460492503131e-16	-4.4422167326516374e-07	-7.7238771123175169e-06
972	1.4999999999999702e+00	0	0	72	162	162	-2.2222222222222223e+00	-2.2204460492503131e-16	-2.2204460492503131e-16	-6.5935007119296239e-07	-1.0539006236086682e-05
972	1.4999999999999702e+00	0	0	73	162	162	-2.1975308641975309e+00	-2.2204460492503131e-16	-2.2204460492503131e-16	-9.4559362561629943e-07	-1.3715413864117537e-05
972	1.4999999999999702e+00	0	0	74	162	162	-2.1728395061728394e+00	-2.2204460492503131e-16	-2.2204460492503131e-16	-1.3074641665253989e-06	-1.6895357229539630e-05
972	1.4999999999999702e+00	0	0	75	162	162	-2.1481481481481484e+00	-2.2204460492503131e-16	-2.2204460492503131e-16	-1.7378778901450467e-06	-1.9458789871036608e-05
972	1.4999999999999702e+00	0	0	76	162	162	-2.1234567901234569e+00	-2.2204460492503131e-16	-2.2204460492503131e-16	-2.2114831565612104e-06	-2.0490330479908808e-05
972	1.4999999999999702e+00	0	0	77	162	162	-2.0987654320987654e+00	-2.2204460492503131e-16	-2.2204460492503131e-16	-2.6778694848293792e-06	-1.8803024708396315e-05
972	1.4999999999999702e+00	0	0	78	162	162	-2.0740740740740744e+00	-2.2204460492503131e-16	-2.2204460492503131e-16	-3.0564112961524968e-06	-1.3051333918184804e-05
972	1.4999999999999702e+00	0	0	79	162	162	-2.0493827160493829e+00	-2.2204460492503131e-16	-2.2204460492503131e-16	-3.2352338267720507e-06	-1.9613119571632032e-06
972	1.4999999999999702e+00	0	0	80	162	162	-2.0246913580246915e+00	-2.2204460492503131e-16	-2.2204460492503131e-16	-3.0772254486005277e-06	1.5315706963545117e-05
972	1.4999999999999702e+00	0	0	81	162	162	-2.0000000000000000e+00	-2.2204460492503131e-16	-2.2204460492503131e-16	-2.4356475026628827e-06	3.8764621853398795e-05
972	1.4999999999999702e+00	0	0	82	162	162	-1.9753086419753088e+00	-2.2204460492503131e-16	-2.2204460492503131e-16	-1.1802531720474935e-06	6.7076981507929734e-05
972	1.4999999999999702e+00	0	0	83	162	162	-1.9506172839506175e+00	-2.2204460492503131e-16	-2.2204460492503131e-16	7.6793671934319296e-07	9.7357187709035120e-05
972	1.4999999999999702e+00	0	0	84	162	162	-1.9259259259259260e+00	-2.2204460492503131e-16	-2.2204460492503131e-16	3.3981196070655140e-06	1.2508717556686255e-04
972	1.4999999999999702e+00	0	0	85	162	162	-1.9012345679012346e+00	-2.2204460492503131e-16	-2.2204460492503131e-16	6.5750187330376741e-06	1.4445178147970417e-04
972	1.4999999999999702e+00	0	0	86	162	162	-1.8765432098765433e+00	-2.2204460492503131e-16	-2.2204460492503131e-16	1.0017645028906341e-05	1.4910190861849859e-04
972	1.4999999999999702e+00	0	0	87	162	162	-1.8518518518518521e+00	-2.2204460492503131e-16	-2.2204460492503131e-16	1.3302141103968546e-05	1.3335859070073841e-04
972	1.4999999999999702e+00	0	0	88	162	162	-1.8271604938271606e+00	-2.2204460492503131e-16	-2.2204460492503131e-16	1.5897499711925445e-05	9.3701851365590727e-05
972	1.4999999999999702e+00	0	0	89	162	162	-1.8024691358024691e+00	-2.2204460492503131e-16	-2.2204460492503131e-16	1.7236815092053215e-05	3.0211773832444777e-05
972	1.4999999999999702e+00	0	0	90	162	162	-1.7777777777777779e+00	-2.2204460492503131e-16	-2.2204460492503131e-16	1.6817394008689091e-05	-5.2449309460689264e-05
972	1.4999999999999702e+00	0	0	91	162	162	-1.7530864197530867e+00	-2.2204460492503131e-16	-2.2204460492503131e-16	1.4313541604554780e-05	-1.4487954822040017e-04
972	1.4999999999999702e+00	0	0	92	162	162	-1.7283950617283952e+00	-2.2204460492503131e-16	-2.2204460492503131e-16	9.6786511723512270e-06	-2.3384439232598808e-04
972	1.4999999999999702e+00	0	0	93	162	162	-1.7037037037037037e+00	-2.2204460492503131e-16	-2.2204460492503131e-16	3.2102044737469804e-06	-3.0427496446261415e-04
972	1.4999999999999702e+00	0	0	94	162	162	-1.6790123456790125e+00	-2.2204460492503131e-16	-2.2204460492503131e-16	-4.4453909235908640e-06	-3.4208490886156184e-04
972	1.4999999999999702e+00	0	0	95	162	162	-1.6543209876543212e+00	-2.2204460492503131e-16	-2.2204460492503131e-16	-1.2360411242140490e-05	-3.3723731679380364e-04
972	1.4999999999999702e+00	0	0	96	162	162	-1.6296296296296298e+00	-2.2204460492503131e-16	-2.2204460492503131e-16	-1.9461780469132162e-05	-2.8632984190268829e-04
972	1.4999999999999702e+00	0	0	97	162	162	-1.6049382716049383e+00	-2.2204460492503131e-16	-2.2204460492503131e-16	-2.4713523270603055e-05	-1.9399270240105793e-04
972	1.4999999999999702e+00	0	0	98	162	162	-1.5802469135802470e+00	-2.2204460492503131e-16	-2.2204460492503131e-16	-2.7309476572701108e-05	-7.2618697075865768e-05
972	1.4999999999999702e+00	0	0	99	162	162	-1.5555555555555558e+00	-2.2204460492503131e-16	-2.2204460492503131e-16	-2.6833589909958100e-05	5.9662843295393841e-05
972	1.4999999999999702e+00	0	0	100	162	162	-1.5308641975308643e+00	-2.2204460492503131e-16	-2.2204460492503131e-16	-2.3349521112270288e-05	1.8239527229368946e-04
972	1.4999999999999702e+00	0	0	101	162	162	-1.5061728395061729e+00	-2.2204460492503131e-16	-2.2204460492503131e-16	-1.7396157628746245e-05	2.7682685288227260e-04
972	1.4999999999999702e+00	0	0	102	162	162	-1.4814814814814816e+00	-2.2204460492503131e-16	-2.2204460492503131e-16	-9.8875949398058438e-06	3.2961225772848435e-04
972	1.4999999999999702e+00	0	0	103	162	162	-1.4567901234567904e+00	-2.2204460492503131e-16	-2.2204460492503131e-16	-1.9391593638617977e-06	3.3529579939783893e-04
972	1.4999999999999702e+00	0	0	104	162	162	-1.4320987654320989e+00	-2.2204460492503131e-16	-2.2204460492503131e-16	5.3411636073974478e-06	2.9700407400801154e-04
972	1.4999999999999702e+00	0	0	105	162	162	-1.4074074074074074e+00	-2.2204460492503131e-16	-2.2204460492503131e-16	1.1049055364864557e-05	2.2524753508901263e-04
972	1.4999999999999702e+00	0	0	106	162	162	-1.3827160493827162e+00	-2.2204460492503131e-16	-2.2204460492503131e-16	1.4625867324480346e-05	1.3521759169288217e-04
972	1.4999999999999702e+00	0	0	107	162	162	-1.3580246913580249e+00	-2.2204460492503131e-16	-2.2204460492503131e-16	1.5919541272668702e-05	4.3325219884593480e-05
972	1.4999999999999702e+00	0	0	108	162	162	-1.3333333333333335e+00	-2.2204460492503131e-16	-2.2204460492503131e-16	1.5158844231977220e-05	-3.6139662144663021e-05
972	1.4999999999999702e+00	0	0	109	162	162	-1.3086419753086420e+00	-2.2204460492503131e-16	-2.2204460492503131e-16	1.2856158972729403e-05	-9.3464489296923858e-05
972	1.4999999999999702e+00	0	0	110	162	162	-1.2839506172839508e+00	-2.2204460492503131e-16	-2.2204460492503131e-16	9.6689956244899733e-06	-1.2463198369516704e-04
972	1.4999999999999702e+00	0	0	111	162	162	-1.2592592592592595e+00	-2.2204460492503131e-16	-2.2204460492503131e-16	6.2560008167178438e-06	-1.3104010437992031e-04
972	1.4999999999999702e+00	0	0	112	162	162	-1.2345679012345681e+00	-2.2204460492503131e-16	-2.2204460492503131e-16	3.1591721790791283e-06	-1.1812100789043711e-04
972	1.4999999999999702e+00	0	0	113	162	162	-1.2098765432098766e+00	-2.2204460492503131e-16	-2.2204460492503131e-16	7.3266251804371407e-07	-9.3379174069596615e-05
972	1.4999999999999702e+00	0	0	114	162	162	-1.1851851851851853e+00	-2.2204460492503131e-16	-2.2204460492503131e-16	-8.7589744440785822e-07	-6.4416624892871255e-05
972	1.4999999999999702e+00	0	0	115	162	162	-1.1604938271604941e+00	-2.2204460492503131e-16	-2.2204460492503131e-16	-1.6988744832857616e-06	-3.7402525791652153e-05
972	1.4999999999999702e+00	0	0	116	162	162	-1.1358024691358026e+00	-2.2204460492503131e-16	-2.2204460492503131e-16	-1.8930165867347970e-06	-1.6236180952144963e-05
972	1.4999999999999702e+00	0	0	117	162	162	-1.1111111111111112e+00	-2.2204460492503131e-16	-2.2204460492503131e-16	-1.6738077483480218e-06	-2.4245173567694067e-06
972	1.4999999999999702e+00	0	0	118	162	162	-1.0864197530864199e+00	-2.2204460492503131e-16	-2.2204460492503131e-16	-1.2564879247195515e-06	4.4864323990312371e-06
972	1.4999999999999702e+00	0	0	119	162	162	-1.0617283950617287e+00	-2.2204460492503131e-16	-2.2204460492503131e-16	-8.1457506032056592e-07	6.1729587826908627e-06
972	1.4999999999999702e+00	0	0	120	162	162	-1.0370370370370372e+00	-2.2204460492503131e-16	-2.2204460492503131e-16	-4.5922942411291690e-07	4.7411157095278433e-06
972	1.4999999999999702e+00	0	0	121	162	162	-1.0123456790123457e+00	-2.2204460492503131e-16	-2.2204460492503131e-16	-2.3930348019493564e-07	2.4346831089538945e-06
972	1.4999999999999702e+00	0	0	122	162	162	-9.8765432098765449e-01	-2.2204460492503131e-16	-2.2204460492503131e-16	-1.3459450450524491e-07	-2.0455188714518791e-06
972	1.4999999999999702e+00	0	0	123	162	162	-9.6296296296296313e-01	-2.2204460492503131e-16	-2.2204460492503131e-16	1.4026268330136205e-07	-6.0603084076349401e-06
972	1.4999999999999702e+00	0	0	124	162	162	-9.3827160493827177e-01	-2.2204460492503131e-16	-2.2204460492503131e-16	4.5159407750534203e-07	-9.3619009153000921e-06
972	1.4999999999999702e+00	0	0	125	162	162	-9.1358024691358042e-01	-2.2204460492503131e-16	-2.2204460492503131e-16	7.9139445089120714e-07	-1.1718546382100126e-05
972	1.4999999999999702e+00	0	0	126	162	162	-8.8888888888888906e-01	-2.2204460492503131e-16	-2.2204460492503131e-16	1.1383619604268293e-06	-1.2587072012265610e-05
972	1.4999999999999702e+00	0	0	127	162	162	-8.6419753086419770e-01	-2.2204460492503131e-16	-2.2204460492503131e-16	1.4591748812677659e-06	-1.1463144456672070e-05
972	1.4999999999999702e+00	0	0	128	162	162	-8.3950617283950635e-01	-2.2204460492503131e-16	-2.2204460492503131e-16	1.7101188581104560e-06	-8.0736781610454833e-06
972	1.4999999999999702e+00	0	0	129	162	162	-8.1481481481481499e-01	-2.2204460492503131e-16	-2.2204460492503131e-16	1.8427545275378349e-06	-2.4429114151829773e-06
972	1.4999999999999702e+00	0	0	130	162	162	-7.9012345679012363e-01	-2.2204460492503131e-16	-2.2204460492503131e-16	1.8119848970250471e-06	5.0037601366636347e-06
972	1.4999999999999702e+00	0	0	131	162	162	-7.6543209876543228e-01	-2.2204460492503131e-16	-2.2204460492503131e-16	1.5856724622657686e-06	1.3428803104670664e-05
972	1.4999999999999702e+00	0	0	132	162	162	-7.4074074074074092e-01	-2.2204460492503131e-16	-2.2204460492503131e-16	1.1539393241984141e-06	2.1646968407623788e-05
972	1.4999999999999702e+00	0	0	133	162	162	-7.1604938271604957e-01	-2.2204460492503131e-16	-2.2204460492503131e-16	5.3599749034395259e-07	2.8281006980648707e-05
972	1.4999999999999702e+00	0	0	134	162	162	-6.9135802469135821e-01	-2.2204460492503131e-16	-2.2204460492503131e-16	-2.1752422154657820e-07	3.1990842157712243e-05
972	1.4999999999999702e+00	0	0	135	162	162	-6.6666666666666685e-01	-2.2204460492503131e-16	-2.2204460492503131e-16	-1.0280877610322782e-06	3.1736723450969469e-05
972	1.4999999999999702e+00	0	0	136	162	162	-6.4197530864197550e-01	-2.2204460492503131e-16	-2.2204460492503131e-16	-1.7987694428904641e-06	2.7020956244113619e-05
972	1.4999999999999702e+00	0	0	137	162	162	-6.1728395061728414e-01	-2.2204460492503131e-16	-2.2204460492503131e-16	-2.4286053143576816e-06	1.8048576201795723e-05
972	1.4999999999999702e+00	0	0	138	162	162	-5.9259259259259278e-01	-2.2204460492503131e-16	-2.2204460492503131e-16	-2.8292949450972622e-06	5.7595103188430477e-06
972	1.4999999999999702e+00	0	0	139	162	162	-5.6790123456790143e-01	-2.2204460492503131e-16	-2.2204460492503131e-16	-2.9409931430574675e-06	-8.2889407165424029e-06
972	1.4999999999999702e+00	0	0	140	162	162	-5.4320987654321007e-01	-2.2204460492503131e-16	-2.2204460492503131e-16	-2.7438377409922525e-06	-2.2175336672878761e-05
972	1.4999999999999702e+00	0	0	141	162	162	-5.1851851851851871e-01	-2.2204460492503131e-16	-2.2204460492503131e-16	-2.2625981697214745e-06	-3.3954897855414502e-05
972	1.4999999999999702e+00	0	0	142	162	162	-4.9382716049382736e-01	-2.2204460492503131e-16	-2.2204460492503131e-16	-1.5632350415510149e-06	-4.2014767187317737e-05
972	1.4999999999999702e+00	0	0	143	162	162	-4.6913580246913600e-01	-2.2204460492503131e-16	-2.2204460492503131e-16	-7.4191807124573448e-07	-4.5366486093662967e-05
972	1.4999999999999702e+00	0	0	144	162	162	-4.4444444444444464e-01	-2.2204460492503131e-16	-2.2204460492503131e-16	9.1299952782464382e-08	-4.3815538526778963e-05
972	1.4999999999999702e+00	0	0	145	162	162	-4.1975308641975329e-01	-2.2204460492503131e-16	-2.2204460492503131e-16	8.3064981262762261e-07	-3.7961978907869090e-05
972	1.4999999999999702e+00	0	0	146	162	162	-3.9506172839506193e-01	-2.2204460492503131e-16	-2.2204460492503131e-16	1.3913154999986649e-06	-2.9042962884263114e-05
972	1.4999999999999702e+00	0	0	147	162	162	-3.7037037037037057e-01	-2.2204460492503131e-16	-2.2204460492503131e-16	1.7211956244341043e-06	-1.8672470134618549e-05
972	1.4999999999999702e+00	0	0	148	162	162	-3.4567901234567922e-01	-2.2204460492503131e-16	-2.2204460492503131e-16	1.8058375927873816e-06	-8.5201508849878991e-06
972	1.4999999999999702e+00	0	0	149	162	162	-3.2098765432098786e-01	-2.2204460492503131e-16	-2.2204460492503131e-16	1.6663900114259976e-06	-1.3189034925640150e-08
972	1.4999999999999702e+00	0	0	150	162	162	-2.9629629629629650e-01	-2.2204460492503131e-16	-2.2204460492503131e-16	1.3516495174965562e-06	5.8783617255907973e-06
972	1.4999999999999702e+00	0	0	151	162	162	-2.7160493827160515e-01	-2.2204460492503131e-16	-2.2204460492503131e-16	9.2647932473132952e-07	8.7423331484747888e-06
972	1.4999999999999702e+00	0	0	152	162	162	-2.4691358024691379e-01	-2.2204460492503131e-16	-2.2204460492503131e-16	4.5929380985455161e-07	8.7030030513899830e-06
972	1.4999999999999702e+00	0	0	153	162	162	-2.2222222222222243e-01	-2.2204460492503131e-16	-2.2204460492503131e-16	1.1086372309741250e-08	6.3033935181784614e-06
972	1.4999999999999702e+00	0	0	154	162	162	-1.9753086419753108e-01	-2.2204460492503131e-16	-2.2204460492503131e-16	-3.7230339321268578e-07	2.3316051594614369e-06
972	1.4999999999999702e+00	0	0	155	162	162	-1.7283950617283972e-01	-2.2204460492503131e-16	-2.2204460492503131e-16	-6.6385348597753769e-07	-2.3687052804497291e-06
972	1.4999999999999702e+00	0	0	156	162	162	-1.4814814814814836e-01	-2.2204460492503131e-16	-2.2204460492503131e-16	-8.5521194863345181e-07	-7.0489017903464893e-06
972	1.4999999999999702e+00	0	0	157	162	162	-1.2345679012345701e-01	-2.2204460492503131e-16	-2.2204460492503131e-16	-9.5369690280398637e-07	-1.1166524021629296e-05
972	1.4999999999999702e+00	0	0	158	162	162	-9.8765432098765649e-02	-2.2204460492503131e-16	-2.2204460492503131e-16	-9.7738711118510454e-07	-1.4424194716154394e-05
972	1.4999999999999702e+00	0	0	159	162	162	-7.4074074074074292e-02	-2.2204460492503131e-16	-2.2204460492503131e-16	-9.5014946014739725e-07	-1.6737572645626894e-05
972	1.4999999999999702e+00	0	0	160	162	162	-4.9382716049382935e-02	-2.2204460492503131e-16	-2.2204460492503131e-16	-8.9685008055566845e-07	-1.8219087366088637e-05
972	1.4999999999999702e+00	0	0	161	162	162	-2.4691358024691579e-02	-2.2204460492503131e-16	-2.2204460492503131e-16	-8.3965333845933381e-07	-1.9053353435803423e-05
972	1.4999999999999702e+00	0	0	162	162	162	-2.2204460492503131e-16	-2.2204460492503131e-16	-2.2204460492503131e-16	-7.9585666367370216e-07	-1.9431840513951429e-05
972	1.4999999999999702e+00	0	0	163	162	162	2.4691358024691135e-02	-2.2204460492503131e-16	-2.2204460492503131e-16	-7.7642584639034565e-07	-1.9519997598951476e-05
972	1.4999999999999702e+00	0	0	164	162	162	4.9382716049382491e-02	-2.2204460492503131e-16	-2.2204460492503131e-16	-7.8509137687136901e-07	-1.9362671988154668e-05
972	1.4999999999999702e+00	0	0	165	162	162	7.4074074074073848e-02	-2.2204460492503131e-16	-2.2204460492503131e-16	-8.1863979112641290e-07	-1.8902705038606987e-05
972	1.4999999999999702e+00	0	0	166	162	162	9.8765432098765205e-02	-2.2204460492503131e-16	-2.2204460492503131e-16	-8.6660724139872498e-07	-1.7971095465100476e-05
972	1.4999999999999702e+00	0	0	167	162	162	1.2345679012345656e-01	-2.2204460492503131e-16	-2.2204460492503131e-16	-9.1227575072838317e-07	-1.6379030950235092e-05
972	1.4999999999999702e+00	0	0	168	162	162	1.4814814814814792e-01	-2.2204460492503131e-16	-2.2204460492503131e-16	-9.3388814052854002e-07	-1.3929354043919593e-05
972	1.4999999999999702e+00	0	0	169	162	162	1.7283950617283927e-01	-2.2204460492503131e-16	-2.2204460492503131e-16	-9.0681013623238632e-07	-1.0531017768439790e-05
972	1.4999999999999702e+00	0	0	170	162	162	1.9753086419753063e-01	-2.2204460492503131e-16	-2.2204460492503131e-16	-8.0731419232347331e-07	-6.2750346042542410e-06
972	1.4999999999999702e+00	0	0	171	162	162	2.2222222222222199e-01	-2.2204460492503131e-16	-2.2204460492503131e-16	-6.1699234652959566e-07	-1.4736485525021257e-06
972	1.4999999999999702e+00	0	0	172	162	162	2.4691358024691334e-01	-2.2204460492503131e-16	-2.2204460492503131e-16	-3.2791928354782727e-07	3.3102030166358020e-06
972	1.4999999999999702e+00	0	0	173	162	162	2.7160493827160470e-01	-2.2204460492503131e-16	-2.2204460492503131e-16	5.2507754304174730e-08	7.3172699976123605e-06
972	1.4999999999999702e+00	0	0	174	162	162	2.9629629629629606e-01	-2.2204460492503131e-16	-2.2204460492503131e-16	4.9845122262201722e-07	9.6955077962510755e-06
972	1.4999999999999702e+00	0	0	175	162	162	3.2098765432098741e-01	-2.2204460492503131e-16	-2.2204460492503131e-16	9.6525969066013596e-07	9.6597060101994928e-06
972	1.4999999999999702e+00	0	0	176	162	162	3.4567901234567877e-01	-2.2204460492503131e-16	-2.2204460492503131e-16	1.3929293446447909e-06	6.6800179796967732e-06
972	1.4999999999999702e+00	0	0	177	162	162	3.7037037037037013e-01	-2.2204460492503131e-16	-2.2204460492503131e-16	1.7135843525461636e-06	6.5409525764612538e-07
972	1.4999999999999702e+00	0	0	178	162	162	3.9506172839506148e-01	-2.2204460492503131e-16	-2.2204460492503131e-16	1.8622744930354137e-06	-7.9773128031350008e-06
972	1.4999999999999702e+00	0	0	179	162	162	4.1975308641975284e-01	-2.2204460492503131e-16	-2.2204460492503131e-16	1.7894252829700734e-06	-1.8216155522358365e-05
972	1.4999999999999702e+00	0	0	180	162	162	4.4444444444444420e-01	-2.2204460492503131e-16	-2.2204460492503131e-16	1.4724935003325200e-06	-2.8611017677200257e-05
972	1.4999999999999702e+00	0	0	181	162	162	4.6913580246913555e-01	-2.2204460492503131e-16	-2.2204460492503131e-16	9.2408516920376834e-07	-3.7479976043418219e-05
972	1.4999999999999702e+00	0	0	182	162	162	4.9382716049382691e-01	-2.2204460492503131e-16	-2.2204460492503131e-16	1.9444939167263637e-07	-4.3215892444107396e-05
972	1.4999999999999702e+00	0	0	183	162	162	5.1851851851851827e-01	-2.2204460492503131e-16	-2.2204460492503131e-16	-6.3322078068511066e-07	-4.4590465165602507e-05
972	1.4999999999999702e+00	0	0	184	162	162	5.4320987654320962e-01	-2.2204460492503131e-16	-2.2204460492503131e-16	-1.4543599750763907e-06	-4.1028522989261220e-05
972	1.4999999999999702e+00	0	0	185	162	162	5.6790123456790098e-01	-2.2204460492503131e-16	-2.2204460492503131e-16	-2.1592754098801929e-06	-3.2762453590662801e-05
972	1.4999999999999702e+00	0	0	186	162	162	5.9259259259259234e-01	-2.2204460492503131e-16	-2.2204460492503131e-16	-2.6513233474950556e-06	-2.0813107725014637e-05
972	1.4999999999999702e+00	0	0	187	162	162	6.1728395061728369e-01	-2.2204460492503131e-16	-2.2204460492503131e-16	-2.8633329187123475e-06	-6.8197659119348169e-06
972	1.4999999999999702e+00	0	0	188	162	162	6.4197530864197505e-01	-2.2204460492503131e-16	-2.2204460492503131e-16	-2.7688009865384652e-06	7.2562321907122134e-06
972	1.4999999999999702e+00	0	0	189	162	162	6.6666666666666641e-01	-2.2204460492503131e-16	-2.2204460492503131e-16	-2.3856300006753039e-06	1.9490066641700450e-05
972	1.4999999999999702e+00	0	0	190	162	162	6.9135802469135776e-01	-2.2204460492503131e-16	-2.2204460492503131e-16	-1.7718049979905626e-06	2.8334032514230759e-05
972	1.4999999999999702e+00	0	0	191	162	162	7.1604938271604912e-01	-2.2204460492503131e-16	-2.2204460492503131e-16	-1.0141578024271320e-06	3.2868661337988629e-05
972	1.4999999999999702e+00	0	0	192	162	162	7.4074074074074048e-01	-2.2204460492503131e-16	-2.2204460492503131e-16	-2.1279686681659584e-07	3.2916862183956629e-05
972	1.4999999999999702e+00	0	0	193	162	162	7.6543209876543183e-01	-2.2204460492503131e-16	-2.2204460492503131e-16	5.3546502200882244e-07	2.9007929541432706e-05
972	1.4999999999999702e+00	0	0	194	162	162	7.9012345679012319e-01	-2.2204460492503131e-16	-2.2204460492503131e-16	1.1514152934876580e-06	2.2213175994406642e-05
972	1.4999999999999702e+00	0	0	195	162	162	8.1481481481481455e-01	-2.2204460492503131e-16	-2.2204460492503131e-16	1.5830073593340504e-06	1.3900728301430298e-05
972	1.4999999999999702e+00	0	0	196	162	162	8.3950617283950590e-01	-2.2204460492503131e-16	-2.2204460492503131e-16	1.8089904449435697e-06	5.4692784840319753e-06
972	1.4999999999999702e+00	0	0	197	162	162	8.6419753086419726e-01	-2.2204460492503131e-16	-2.2204460492503131e-16	1.8367908213492296e-06	-1.8857881450631830e-06
972	1.4999999999999702e+00	0	0	198	162	162	8.8888888888888862e-01	-2.2204460492503131e-16	-2.2204460492503131e-16	1.6959538555278916e-06	-7.3293958717385310e-06
972	1.4999999999999702e+00	0	0	199	162	162	9.1358024691357997e-01	-2.2204460492503131e-16	-2.2204460492503131e-16	1.4293588087377698e-06	-1.0462367685204477e-05
972	1.4999999999999702e+00	0	0	200	162	162	9.3827160493827133e-01	-2.2204460492503131e-16	-2.2204460492503131e-16	1.0836399500164032e-06	-1.1276414928124145e-05
972	1.4999999999999702e+00	0	0	201	162	162	9.6296296296296269e-01	-2.2204460492503131e-16	-2.2204460492503131e-16	7.0226480830375138e-07	-1.0150169122480346e-05
972	1.4999999999999702e+00	0	0	202	162	162	9.8765432098765404e-01	-2.2204460492503131e-16	-2.2204460492503131e-16	3.1909008561120666e-07	-7.5079745612272042e-06
972	1.4999999999999702e+00	0	0	203	162	162	1.0123456790123453e+00	-2.2204460492503131e-16	-2.2204460492503131e-16	-4.3417205195656061e-08	-3.7619470243943631e-06
972	1.4999999999999702e+00	0	0	204	162	162	1.0370370370370368e+00	-2.2204460492503131e-16	-2.2204460492503131e-16	-2.0064646098771899e-07	1.1999934452777694e-06
972	1.4999999999999702e+00	0	0	205	162	162	1.0617283950617282e+00	-2.2204460492503131e-16	-2.2204460492503131e-16	-4.6872271280973266e-07	2.5322058015975202e-06
972	1.4999999999999702e+00	0	0	206	162	162	1.0864197530864195e+00	-2.2204460492503131e-16	-2.2204460492503131e-16	-8.3728825750473135e-07	1.7414499363654912e-06
972	1.4999999999999702e+00	0	0	207	162	162	1.1111111111111107e+00	-2.2204460492503131e-16	-2.2204460492503131e-16	-1.2112640733752400e-06	-3.5780547611441449e-06
972	1.4999999999999702e+00	0	0	208	162	162	1.1358024691358022e+00	-2.2204460492503131e-16	-2.2204460492503131e-16	-1.4346220378463892e-06	-1.5117177863288589e-05
972	1.4999999999999702e+00	0	0	209	162	162	1.1604938271604937e+00	-2.2204460492503131e-16	-2.2204460492503131e-16	-1.3061023163285501e-06	-3.3509673003084828e-05
972	1.4999999999999702e+00	0	0	210	162	162	1.1851851851851849e+00	-2.2204460492503131e-16	-2.2204460492503131e-16	-6.1762662340036911e-07	-5.7588543340703069e-05
972	1.4999999999999702e+00	0	0	211	162	162	1.2098765432098761e+00	-2.2204460492503131e-16	-2.2204460492503131e-16	7.9001089417496395e-07	-8.3914860593559126e-05
972	1.4999999999999702e+00	0	0	212	162	162	1.2345679012345676e+00	-2.2204460492503131e-16	-2.2204460492503131e-16	2.9635529277260986e-06	-1.0683427766577935e-04
972	1.4999999999999702e+00	0	0	213	162	162	1.2592592592592591e+00	-2.2204460492503131e-16	-2.2204460492503131e-16	5.7816910982166902e-06	-1.1921824592686647e-04
972	1.4999999999999702e+00	0	0	214	162	162	1.2839506172839503e+00	-2.2204460492503131e-16	-2.2204460492503131e-16	8.9260779264632717e-06	-1.1388740637396921e-04
972	1.4999999999999702e+00	0	0	215	162	162	1.3086419753086416e+00	-2.2204460492503131e-16	-2.2204460492503131e-16	1.1895092072888858e-05	-8.5492261108210954e-05
972	1.4999999999999702e+00	0	0	216	162	162	1.3333333333333330e+00	-2.2204460492503131e-16	-2.2204460492503131e-16	1.4068332252037408e-05	-3.2419314829557067e-05
972	1.4999999999999702e+00	0	0	217	162	162	1.3580246913580245e+00	-2.2204460492503131e-16	-2.2204460492503131e-16	1.4817121648080800e-05	4.1825525510130745e-05
972	1.4999999999999702e+00	0	0	218	162	162	1.3827160493827158e+00	-2.2204460492503131e-16	-2.2204460492503131e-16	1.3642172114081141e-05	1.2826898712159363e-04
972	1.4999999999999702e+00	0	0	219	162	162	1.4074074074074070e+00	-2.2204460492503131e-16	-2.2204460492503131e-16	1.0308202643583009e-05	2.1346348386885872e-04
972	1.4999999999999702e+00	0	0	220	162	162	1.4320987654320985e+00	-2.2204460492503131e-16	-2.2204460492503131e-16	4.9408152873464672e-06	2.8178567557635148e-04
972	1.4999999999999702e+00	0	0	221	162	162	1.4567901234567899e+00	-2.2204460492503131e-16	-2.2204460492503131e-16	-1.9441967779032510e-06	3.1862102507251855e-04
972	1.4999999999999702e+00	0	0	222	162	162	1.4814814814814812e+00	-2.2204460492503131e-16	-2.2204460492503131e-16	-9.4948917227499763e-06	3.1370708415945359e-04
972	1.4999999999999702e+00	0	0	223	162	162	1.5061728395061724e+00	-2.2204460492503131e-16	-2.2204460492503131e-16	-1.6656305479312294e-05	2.6378468858120896e-04
972	1.4999999999999702e+00	0	0	224	162	162	1.5308641975308639e+00	-2.2204460492503131e-16	-2.2204460492503131e-16	-2.2357729855593256e-05	1.7382377489438827e-04
972	1.4999999999999702e+00	0	0	225	162	162	1.5555555555555554e+00	-2.2204460492503131e-16	-2.2204460492503131e-16	-2.5713941453009426e-05	5.6430581404365299e-05
972	1.4999999999999702e+00	0	0	226	162	162	1.5802469135802466e+00	-2.2204460492503131e-16	-2.2204460492503131e-16	-2.6195010310758882e-05	-7.0487298877708326e-05
972	1.4999999999999702e+00	0	0	227	162	162	1.6049382716049378e+00	-2.2204460492503131e-16	-2.2204460492503131e-16	-2.3726043603677915e-05	-1.8726071530772437e-04
972	1.4999999999999702e+00	0	0	228	162	162	1.6296296296296293e+00	-2.2204460492503131e-16	-2.2204460492503131e-16	-1.8695096905718689e-05	-2.7635236146883457e-04
972	1.4999999999999702e+00	0	0	229	162	162	1.6543209876543208e+00	-2.2204460492503131e-16	-2.2204460492503131e-16	-1.1869749998005830e-05	-3.2567807391181702e-04
972	1.4999999999999702e+00	0	0	230	162	162	1.6790123456790120e+00	-2.2204460492503131e-16	-2.2204460492503131e-16	-4.2442367004236203e-06	-3.3061040763548988e-04
972	1.4999999999999702e+00	0	0	231	162	162	1.7037037037037033e+00	-2.2204460492503131e-16	-2.2204460492503131e-16	3.1461884858474676e-06	-2.9428898204875154e-04
972	1.4999999999999702e+00	0	0	232	162	162	1.7283950617283947e+00	-2.2204460492503131e-16	-2.2204460492503131e-16	9.4022962447981584e-06	-2.2630749347474222e-04
972	1.4999999999999702e+00	0	0	233	162	162	1.7530864197530862e+00	-2.2204460492503131e-16	-2.2204460492503131e-16	1.3893886388505194e-05	-1.4023520509254261e-04
972	1.4999999999999702e+00	0	0	234	162	162	1.7777777777777775e+00	-2.2204460492503131e-16	-2.2204460492503131e-16	1.6327090398893240e-05	-5.0654473324307503e-05
972	1.4999999999999702e+00	0	0	235	162	162	1.8024691358024687e+00	-2.2204460492503131e-16	-2.2204460492503131e-16	1.6741479747922616e-05	2.9578930565765660e-05
972	1.4999999999999702e+00	0	0	236	162	162	1.8271604938271602e+00	-2.2204460492503131e-16	-2.2204460492503131e-16	1.5448374176330049e-05	9.1296257574979833e-05
972	1.4999999999999702e+00	0	0	237	162	162	1.8518518518518516e+00	-2.2204460492503131e-16	-2.2204460492503131e-16	1.2932526663914090e-05	1.2991550889029924e-04
972	1.4999999999999702e+00	0	0	238	162	162	1.8765432098765429e+00	-2.2204460492503131e-16	-2.2204460492503131e-16	9.7429370790880210e-06	1.4530149724034658e-04
972	1.4999999999999702e+00	0	0	239	162	162	1.9012345679012341e+00	-2.2204460492503131e-16	-2.2204460492503131e-16	6.3955381148506074e-06	1.4082837834972217e-04
972	1.4999999999999702e+00	0	0	240	162	162	1.9259259259259256e+00	-2.2204460492503131e-16	-2.2204460492503131e-16	3.3033869772276792e-06	1.2199709495080979e-04
972	1.4999999999999702e+00	0	0	241	162	162	1.9506172839506171e+00	-2.2204460492503131e-16	-2.2204460492503131e-16	7.4109153865367650e-07	9.4988200536494372e-05
972	1.4999999999999702e+00	0	0	242	162	162	1.9753086419753083e+00	-2.2204460492503131e-16	-2.2204460492503131e-16	-1.1585539310843967e-06	6.5472464295224242e-05
972	1.4999999999999702e+00	0	0	243	162	162	1.9999999999999996e+00	-2.2204460492503131e-16	-2.2204460492503131e-16	-2.3840450010352565e-06	3.7854174030321763e-05
972	1.4999999999999702e+00	0	0	244	162	162	2.0246913580246910e+00	-2.2204460492503131e-16	-2.2204460492503131e-16	-3.0113922834286433e-06	1.4956975205773770e-05
972	1.4999999999999702e+00	0	0	245	162	162	2.0493827160493825e+00	-2.2204460492503131e-16	-2.2204460492503131e-16	-3.1667570693561832e-06	-1.9348035946581410e-06
972	1.4999999999999702e+00	0	0	246	162	162	2.0740740740740735e+00	-2.2204460492503131e-16	-2.2204460492503131e-16	-2.9927675830924115e-06	-1.2792227940414125e-05
972	1.4999999999999702e+00	0	0	247	162	162	2.0987654320987650e+00	-2.2204460492503131e-16	-2.2204460492503131e-16	-2.6230912260538294e-06	-1.8431540250371525e-05
972	1.4999999999999702e+00	0	0	248	162	162	2.1234567901234565e+00	-2.2204460492503131e-16	-2.2204460492503131e-16	-2.1670573518072986e-06	-2.0091328743043063e-05
972	1.4999999999999702e+00	0	0	249	162	162	2.1481481481481479e+00	-2.2204460492503131e-16	-2.2204460492503131e-16	-1.7036000608666984e-06	-1.9085917970109931e-05
972	1.4999999999999702e+00	0	0	250	162	162	2.1728395061728394e+00	-2.2204460492503131e-16	-2.2204460492503131e-16	-1.2821499050296521e-06	-1.6577102311413940e-05
972	1.4999999999999702e+00	0	0	251	162	162	2.1975308641975304e+00	-2.2204460492503131e-16	-2.2204460492503131e-16	-9.2762516401133800e-07	-1.3461677689383111e-05
972	1.4999999999999702e+00	0	0	252	162	162	2.2222222222222219e+00	-2.2204460492503131e-16	-2.2204460492503131e-16	-6.4705381903726225e-07	-1.0347637966218876e-05
972	1.4999999999999702e+00	0	0	253	162	162	2.2469135802469133e+00	-2.2204460492503131e-16	-2.2204460492503131e-16	-4.3609078549659326e-07	-7.5862703977349830e-06
972	1.4999999999999702e+00	0	0	254	162	162	2.2716049382716044e+00	-2.2204460492503131e-16	-2.2204460492503131e-16	-2.8443582355730979e-07	-5.3313767395675145e-06
972	1.4999999999999702e+00	0	0	255	162	162	2.2962962962962958e+00	-2.2204460492503131e-16	-2.2204460492503131e-16	-1.7976171393177000e-07	-3.6040667707331361e-06
972	1.4999999999999702e+00	0	0	256	162	162	2.3209876543209873e+00	-2.2204460492503131e-16	-2.2204460492503131e-16	-1.1018507896303040e-07	-2.3495675600359841e-06
972	1.4999999999999702e+00	0	0	257	162	162	2.3456790123456788e+00	-2.2204460492503131e-16	-2.2204460492503131e-16	-6.5549069780518480e-08	-1.4799033045859470e-06
972	1.4999999999999702e+00	0	0	258	162	162	2.3703703703703702e+00	-2.2204460492503131e-16	-2.2204460492503131e-16	-3.7866782974586879e-08	-9.0179928161505246e-07
972	1.4999999999999702e+00	0	0	259	162	162	2.3950617283950613e+00	-2.2204460492503131e-16	-2.2204460492503131e-16	-2.1251645905938947e-08	-5.3214240476667709e-07
972	1.4999999999999702e+00	0	0	260	162	162	2.4197530864197527e+00	-2.2204460492503131e-16	-2.2204460492503131e-16	-1.1592036869510489e-08	-3.0433291342521991e-07
972	1.4999999999999702e+00	0	0	261	162	162	2.4444444444444442e+00	-2.2204460492503131e-16	-2.2204460492503131e-16	-6.1473930058775665e-09	-1.6886993464916920e-07
972	1.4999999999999702e+00	0	0	262	162	162	2.4691358024691352e+00	-2.2204460492503131e-16	-2.2204460492503131e-16	-3.1683057399761092e-09	-9.1040465565660665e-08
972	1.4999999999999702e+00	0	0	263	162	162	2.4938271604938267e+00	-2.2204460492503131e-16	-2.2204460492503131e-16	-1.5841282966099581e-09	-4.7716481771550400e-08
972	1.4999999999999702e+00	0	0	264	162	162	2.5185185185185182e+00	-2.2204460492503131e-16	-2.2204460492503131e-16	-7.6578592289063323e-10	-2.4267887394437836e-08
972	1.4999999999999702e+00	0	0	265	162	162	2.5432098765432096e+00	-2.2204460492503131e-16	-2.2204460492503131e-16	-3.5661357574489100e-10	-1.1914895480270408e-08
972	1.4999999999999702e+00	0	0	266	162	162	2.5679012345679011e+00	-2.2204460492503131e-16	-2.2204460492503131e-16	-1.5981142869790527e-10	-5.6135903930202251e-09
972	1.4999999999999702e+00	0	0	267	162	162	2.5925925925925921e+00	-2.2204460492503131e-16	-2.2204460492503131e-16	-6.9189431634644951e-11	-2.5340876611212981e-09
972	1.4999999999999702e+00	0	0	268	162	162	2.6172839506172836e+00	-2.2204460492503131e-16	-2.2204460492503131e-16	-2.9152620275075951e-11	-1.1041055201884414e-09
972	1.4999999999999702e+00	0	0	269	162	162	2.6419753086419751e+00	-2.2204460492503131e-16	-2.2204460492503131e-16	-1.1995503769618360e-11	-4.7045930417535734e-10
972	1.4999999999999702e+00	0	0	270	162	162	2.6666666666666661e+00	-2.2204460492503131e-16	-2.2204460492503131e-16	-4.7799583743466320e-12	-1.9717904378172604e-10
972	1.4999999999999702e+00	0	0	271	162	162	2.6913580246913575e+00	-2.2204460492503131e-16	-2.2204460492503131e-16	-1.8098764611070544e-12	-8.0183388005960397e-11
972	1.4999999999999702e+00	0	0	272	162	162	2.7160493827160490e+00	-2.2204460492503131e-16	-2.2204460492503131e-16	-6.3984276871571281e-13	-3.0811313441360617e-11
972	1.4999999999999702e+00	0	0	273	162	162	2.7407407407407405e+00	-2.2204460492503131e-16	-2.2204460492503131e-16	-2.1041771679133720e-13	-1.1005386975392206e-11
972	1.4999999999999702e+00	0	0	274	162	162	2.7654320987654319e+00	-2.2204460492503131e-16	-2.2204460492503131e-16	-6.4734198837623295e-14	-3.6989724045532921e-12
972	1.4999999999999702e+00	0	0	275	162	162	2.7901234567901230e+00	-2.2204460492503131e-16	-2.2204460492503131e-16	-1.8109567717591318e-14	-1.2044710657658692e-12
972	1.4999999999999702e+00	0	0	276	162	162	2.8148148148148144e+00	-2.2204460492503131e-16	-2.2204460492503131e-16	-3.8444503117607639e-15	-3.7375989229695664e-13
972	1.4999999999999702e+00	0	0	277	162	162	2.8395061728395059e+00	-2.2204460492503131e-16	-2.2204460492503131e-16	-2.0126236275224893e-17	-9.6367337823709136e-14
972	1.4999999999999702e+00	0	0	278	162	162	2.8641975308641969e+00	-2.2204460492503131e-16	-2.2204460492503131e-16	5.7190339209170321e-16	-1.2627732347530157e-14
972	1.4999999999999702e+00	0	0	279	162	162	2.8888888888888884e+00	-2.2204460492503131e-16	-2.2204460492503131e-16	4.0223413560579575e-16	4.5904836615794010e-15
972	1.4999999999999702e+00	0	0	280	162	162	2.9135802469135799e+00	-2.2204460492503131e-16	-2.2204460492503131e-16	2.0552298337916269e-16	4.3960618951794457e-15
972	1.4999999999999702e+00	0	0	281	162	162	2.9382716049382713e+00	-2.2204460492503131e-16	-2.2204460492503131e-16	9.6002415974257557e-17	2.3911067375678496e-15
972	1.4999999999999702e+00	0	0	282	162	162	2.9629629629629628e+00	-2.2204460492503131e-16	-2.2204460492503131e-16	4.3270936928982284e-17	1.2139815151980536e-15
972	1.4999999999999702e+00	0	0	283	162	162	2.9876543209876538e+00	-2.2204460492503131e-16	-2.2204460492503131e-16	1.8242984233685732e-17	5.9257904084104487e-16
972	1.4999999999999702e+00	0	0	284	162	162	3.0123456790123453e+00	-2.2204460492503131e-16	-2.2204460492503131e-16	7.0314775924805545e-18	2.5610339540931837e-16
972	1.4999999999999702e+00	0	0	285	162	162	3.0370370370370368e+00	-2.2204460492503131e-16	-2.2204460492503131e-16	2.5583542754598091e-18	9.6805324560698590e-17
972	1.4999999999999702e+00	0	0	286	162	162	3.0617283950617278e+00	-2.2204460492503131e-16	-2.2204460492503131e-16	9.2934354128155771e-19	3.4857348382092109e-17
972	1.4999999999999702e+00	0	0	287	162	162	3.0864197530864192e+00	-2.2204460492503131e-16	-2.2204460492503131e-16	3.3830533134691737e-19	1.3075070400208546e-17
972	1.4999999999999702e+00	0	0	288	162	162	3.1111111111111107e+00	-2.2204460492503131e-16	-2.2204460492503131e-16	1.1718654830184907e-19	4.9112850172561157e-18
972	1.4999999999999702e+00	0	0	289	162	162	3.1358024691358022e+00	-2.2204460492503131e-16	-2.2204460492503131e-16	3.7772993383393242e-20	1.6770753478355951e-18
972	1.4999999999999702e+00	0	0	290	162	162	3.1604938271604937e+00	-2.2204460492503131e-16	-2.2204460492503131e-16	1.1926686642365845e-20	5.2080187068734269e-19
972	1.4999999999999702e+00	0	0	291	162	162	3.1851851851851847e+00	-2.2204460492503131e-16	-2.2204460492503131e-16	3.8987486361556524e-21	1.6545082320190370e-19
972	1.4999999999999702e+00	0	0	292	162	162	3.2098765432098761e+00	-2.2204460492503131e-16	-2.2204460492503131e-16	1.2632183190596250e-21	5.6741504753651756e-20
972	1.4999999999999702e+00	0	0	293	162	162	3.2345679012345676e+00	-2.2204460492503131e-16	-2.2204460492503131e-16	3.7509373437569666e-22	1.8457444109282474e-20
972	1.4999999999999702e+00	0	0	294	162	162	3.2592592592592586e+00	-2.2204460492503131e-16	-2.2204460492503131e-16	1.0441309059941622e-22	5.1629403868207208e-21
972	1.4999999999999702e+00	0	0	295	162	162	3.2839506172839501e+00	-2.2204460492503131e-16	-2.2204460492503131e-16	3.0793349431902798e-23	1.3900590183510607e-21
972	1.4999999999999702e+00	0	0	296	162	162	3.3086419753086416e+00	-2.2204460492503131e-16	-2.2204460492503131e-16	9.6544046419248241e-24	4.4212260660470804e-22
972	1.4999999999999702e+00	0	0	297	162	162	3.3333333333333330e+00	-2.2204460492503131e-16	-2.2204460492503131e-16	2.7379672817642238e-24	1.4516141743332854e-22
972	1.4999999999999702e+00	0	0	298	162	162	3.3580246913580245e+00	-2.2204460492503131e-16	-2.2204460492503131e-16	6.6420939897202098e-25	3.7768432004144764e-23
972	1.4999999999999702e+00	0	0	299	162	162	3.3827160493827155e+00	-2.2204460492503131e-16	-2.2204460492503131e-16	1.7141855432045914e-25	8.0959763692026079e-24
972	1.4999999999999702e+00	0	0	300	162	162	3.4074074074074070e+00	-2.2204460492503131e-16	-2.2204460492503131e-16	5.5085409455641249e-26	2.3609231344629693e-24
972	1.4999999999999702e+00	0	0	301	162	162	3.4320987654320985e+00	-2.2204460492503131e-16	-2.2204460492503131e-16	1.5952802142276958e-26	8.8375637598078109e-25
972	1.4999999999999702e+00	0	0	302	162	162	3.4567901234567895e+00	-2.2204460492503131e-16	-2.2204460492503131e-16	3.2360902720575668e-27	2.2681742069514554e-25
972	1.4999999999999702e+00	0	0	303	162	162	3.4814814814814810e+00	-2.2204460492503131e-16	-2.2204460492503131e-16	6.3137111104025062e-28	3.1655844386706612e-26
972	1.4999999999999702e+00	0	0	304	162	162	3.5061728395061724e+00	-2.2204460492503131e-16	-2.2204460492503131e-16	2.4151212113304699e-28	7.3348904543120931e-27
972	1.4999999999999702e+00	0	0	305	162	162	3.5308641975308639e+00	-2.2204460492503131e-16	-2.2204460492503131e-16	8.2923189614252461e-29	4.5346287511692970e-27
972	1.4999999999999702e+00	0	0	306	162	162	3.5555555555555554e+00	-2.2204460492503131e-16	-2.2204460492503131e-16	1.3013865160162233e-29	1.2930837310370844e-27
972	1.4999999999999702e+00	0	0	307	162	162	3.5802469135802464e+00	-2.2204460492503131e-16	-2.2204460492503131e-16	6.7170373649569439e-31	5.5542701848590553e-29
972	1.4999999999999702e+00	0	0	308	162	162	3.6049382716049378e+00	-2.2204460492503131e-16	-2.2204460492503131e-16	7.9605627899915511e-31	-1.0959966588242520e-29
972	1.4999999999999702e+00	0	0	309	162	162	3.6296296296296293e+00	-2.2204460492503131e-16	-2.2204460492503131e-16	4.4257021378009342e-31	2.1830534391174060e-29
972	1.4999999999999702e+00	0	0	310	162	162	3.6543209876543203e+00	-2.2204460492503131e-16	-2.2204460492503131e-16	4.9883647932285073e-32	8.0413827382230851e-30
972	1.4999999999999702e+00	0	0	311	162	162	3.6790123456790118e+00	-2.2204460492503131e-16	-2.2204460492503131e-16	-1.3145906686643089e-32	-3.5952161646160949e-31
972	1.4999999999999702e+00	0	0	312	162	162	3.7037037037037033e+00	-2.2204460492503131e-16	-2.2204460492503131e-16	1.5133147220922004e-33	-3.8954517937355201e-31
972	1.4999999999999702e+00	0	0	313	162	162	3.7283950617283947e+00	-2.2204460492503131e-16	-2.2204460492503131e-16	2.6608343647273798e-33	1.1173209965288316e-31
972	1.4999999999999702e+00	0	0	314	162	162	3.7530864197530862e+00	-2.2204460492503131e-16	-2.2204460492503131e-16	2.2055632643334662e-34	5.5495261212597301e-32
972	1.4999999999999702e+00	0	0	315	162	162	3.7777777777777772e+00	-2.2204460492503131e-16	-2.2204460492503131e-16	-1.5996612314857682e-34	-5.2524212127388986e-33
972	1.4999999999999702e+00	0	0	316	162	162	3.8024691358024687e+00	-2.2204460492503131e-16	-2.2204460492503131e-16	-3.4795876667518755e-36	-3.9565770902571443e-33
972	1.4999999999999702e+00	0	0	317	162	162	3.8271604938271602e+00	-2.2204460492503131e-16	-2.2204460492503131e-16	1.7574878477310922e-35	6.6781075886409397e-34
972	1.4999999999999702e+00	0	0	318	162	162	3.8518518518518512e+00	-2.2204460492503131e-16	-2.2204460492503131e-16	1.1236503590136200e-36	3.9066156080686164e-34
972	1.4999999999999702e+00	0	0	319	162	162	3.8765432098765427e+00	-2.2204460492503131e-16	-2.2204460492503131e-16	-1.3153954341775325e-36	-4.7300073349188831e-35
972	1.4999999999999702e+00	0	0	320	162	162	3.9012345679012341e+00	-2.2204460492503131e-16	-2.2204460492503131e-16	-5.0677784244397302e-38	-3.0561473192163608e-35
972	1.4999999999999702e+00	0	0	321	162	162	3.9259259259259256e+00	-2.2204460492503131e-16	-2.2204460492503131e-16	1.1796429384036765e-37	4.6443031199418858e-36
972	1.4999999999999702e+00	0	0	322	162	162	3.9506172839506171e+00	-2.2204460492503131e-16	-2.2204460492503131e-16	4.9296333257179655e-39	2.5969137480695794e-36
972	1.4999999999999702e+00	0	0	323	162	162	3.9753086419753081e+00	-2.2204460492503131e-16	-2.2204460492503131e-16	-9.2376401908194449e-39	-3.5352483905121741e-37
972	1.4999999999999702e+00	0	0	324	162	162	3.9999999999999996e+00	-2.2204460492503131e-16	-2.2204460492503131e-16	1.2284130327494358e-39	-1.3900083303809500e-37
972	1.4999999999999702e+00	0	0	325	162	162	4.0246913580246906e+00	-2.2204460492503131e-16	-2.2204460492503131e-16	2.5681491784457873e-40	-3.4898754071690286e-37
972	1.4999999999999702e+00	0	0	326	162	162	4.0493827160493820e+00	-2.2204460492503131e-16	-2.2204460492503131e-16	-1.7056637784374310e-38	-6.4136700331318908e-37
972	1.4999999999999702e+00	0	0	327	162	162	4.0740740740740735e+00	-2.2204460492503131e-16	-2.2204460492503131e-16	1.3312027703276581e-38	5.1019025571024180e-36
972	1.4999999999999702e+00	0	1	241	324	324	-1.0246913580246915e+00	-2.2204460492503131e-16	-2.2204460492503131e-16	-3.2968504785073116e-07	3.7830554568963866e-06
972	1.4999999999999702e+00	0	1	242	324	324	-1.0123456790123457e+00	-2.2204460492503131e-16	-2.2204460492503131e-16	-2.3930348019493564e-07	2.4346831089538945e-06
972	1.4999999999999702e+00	0	1	243	324	324	-1.0000000000000002e+00	-2.2204460492503131e-16	-2.2204460492503131e-16	-1.9218543802024954e-07	3.1948291671934394e-07
972	1.4999999999999702e+00	0	1	244	324	324	-9.8765432098765449e-01	-2.2204460492503131e-16	-2.2204460492503131e-16	-1.3459450450524491e-07	-2.0455188714518791e-06
972	1.4999999999999702e+00	0	1	245	324	324	-9.7530864197530875e-01	-2.2204460492503131e-16	-2.2204460492503131e-16	-1.9574809759226319e-09	-4.2288454057959335e-06
972	1.4999999999999702e+00	0	1	246	324	324	-9.6296296296296313e-01	-2.2204460492503131e-16	-2.2204460492503131e-16	1.4026268330136205e-07	-6.0603084076349401e-06
972	1.4999999999999702e+00	0	1	247	324	324	-9.5061728395061751e-01	-2.2204460492503131e-16	-2.2204460492503131e-16	2.9160261672336873e-07	-7.8031297250646947e-06
972	1.4999999999999702e+00	0	1	248	324	324	-9.3827160493827177e-01	-2.2204460492503131e-16	-2.2204460492503131e-16	4.5159407750534203e-07	-9.3619009153000921e-06
972	1.4999999999999702e+00	0	1	249	324	324	-9.2592592592592604e-01	-2.2204460492503131e-16	-2.2204460492503131e-16	6.1895794029737106e-07	-1.0687382328067319e-05
972	1.4999999999999702e+00	0	1	250	324	324	-9.1358024691358042e-01	-2.2204460492503131e-16	-2.2204460492503131e-16	7.9139445089120714e-07	-1.1718546382100126e-05
972	1.4999999999999702e+00	0	1	251	324	324	-9.0123456790123480e-01	-2.2204460492503131e-16	-2.2204460492503131e-16	9.6579401173994481e-07	-1.2376457930993179e-05
972	1.4999999999999702e+00	0	1	252	324	324	-8.8888888888888906e-01	-2.2204460492503131e-16	-2.2204460492503131e-16	1.1383619604268293e-06	-1.2587072012265610e-05
972	1.4999999999999702e+00	0	1	253	324	324	-8.7654320987654333e-01	-2.2204460492503131e-16	-2.2204460492503131e-16	1.3045722127985604e-06	-1.2295983459593984e-05
972	1.4999999999999702e+00	0	1	254	324	324	-8.6419753086419770e-01	-2.2204460492503131e-16	-2.2204460492503131e-16	1.4591748812677659e-06	-1.1463144456672070e-05
972	1.4999999999999702e+00	0	1	255	324	324	-8.5185185185185208e-01	-2.2204460492503131e-16	-2.2204460492503131e-16	1.5963834205760807e-06	-1.0059208399495340e-05
972	1.4999999999999702e+00	0	1	256	324	324	-8.3950617283950635e-01	-2.2204460492503131e-16	-2.2204460492503131e-16	1.7101188581104560e-06	-8.0736781610454833e-06
972	1.4999999999999702e+00	0	1	257	324	324	-8.2716049382716061e-01	-2.2204460492503131e-16	-2.2204460492503131e-16	1.7942307695454577e-06	-5.5215071936565163e-06
972	1.4999999999999702e+00	0	1	258	324	324	-8.1481481481481499e-01	-2.2204460492503131e-16	-2.2204460492503131e-16	1.8427545275378349e-06	-2.4429114151829773e-06
972	1.4999999999999702e+00	0	1	259	324	324	-8.0246913580246937e-01	-2.2204460492503131e-16	-2.2204460492503131e-16	1.8502231734713118e-06	1.0963636659228060e-06
972	1.4999999999999702e+00	0	1	260	324	324	-7.9012345679012363e-01	-2.2204460492503131e-16	-2.2204460492503131e-16	1.8119848970250471e-06	5.0037601366636347e-06
972	1.4999999999999702e+00	0	1	261	324	324	-7.7777777777777790e-01	-2.2204460492503131e-16	-2.2204460492503131e-16	1.7245082924405124e-06	9.1613122970594582e-06
972	1.4999999999999702e+00	0	1	262	324	324	-7.6543209876543228e-01	-2.2204460492503131e-16	-2.2204460492503131e-16	1.5856724622657686e-06	1.3428803104670664e-05
972	1.4999999999999702e+00	0	1	263	324	324	-7.5308641975308666e-01	-2.2204460492503131e-16	-2.2204460492503131e-16	1.3950180231159682e-06	1.7647734358983320e-05
972	1.4999999999999702e+00	0	1	264	324	324	-7.4074074074074092e-01	-2.2204460492503131e-16	-2.2204460492503131e-16	1.1539393241984141e-06	2.1646968407623788e-05
972	1.4999999999999702e+00	0	1	265	324	324	-7.2839506172839519e-01	-2.2204460492503131e-16	-2.2204460492503131e-16	8.6580576229911335e-07	2.5249667617631508e-05
972	1.4999999999999702e+00	0	1	266	324	324	-7.1604938271604957e-01	-2.2204460492503131e-16	-2.2204460492503131e-16	5.3599749034395259e-07	2.8281006980648707e-05
972	1.4999999999999702e+00	0	1	267	324	324	-7.0370370370370394e-01	-2.2204460492503131e-16	-2.2204460492503131e-16	1.7184597314482357e-07	3.0576560244521822e-05
972	1.4999999999999702e+00	0	1	268	324	324	-6.9135802469135821e-01	-2.2204460492503131e-16	-2.2204460492503131e-16	-2.1752422154657820e-07	3.1990842157712243e-05
972	1.4999999999999702e+00	0	1	269	324	324	-6.7901234567901247e-01	-2.2204460492503131e-16	-2.2204460492503131e-16	-6.2145197154125432e-07	3.2405503175067150e-05
972	1.4999999999999702e+00	0	1	270	324	324	-6.6666666666666685e-01	-2.2204460492503131e-16	-2.2204460492503131e-16	-1.0280877610322782e-06	3.1736723450969469e-05
972	1.4999999999999702e+00	0	1	271	324	324	-6.5432098765432123e-01	-2.2204460492503131e-16	-2.2204460492503131e-16	-1.4248210806954680e-06	2.9941292161432922e-05
972	1.4999999999999702e+00	0	1	272	324	324	-6.4197530864197550e-01	-2.2204460492503131e-16	-2.2204460492503131e-16	-1.7987694428904641e-06	2.7020956244113619e-05
972	1.4999999999999702e+00	0	1	273	324	324	-6.2962962962962976e-01	-2.2204460492503131e-16	-2.2204460492503131e-16	-2.1373067339408745e-06	2.3024680838776675e-05
972	1.4999999999999702e+00	0	1	274	324	324	-6.1728395061728414e-01	-2.2204460492503131e-16	-2.2204460492503131e-16	-2.4286053143576816e-06	1.8048576201795723e-05
972	1.4999999999999702e+00	0	1	275	324	324	-6.0493827160493852e-01	-2.2204460492503131e-16	-2.2204460492503131e-16	-2.6621641603834316e-06	1.2233377715295920e-05
972	1.4999999999999702e+00	0	1	276	324	324	-5.9259259259259278e-01	-2.2204460492503131e-16	-2.2204460492503131e-16	-2.8292949450972622e-06	5.7595103188430477e-06
972	1.4999999999999702e+00	0	1	277	324	324	-5.8024691358024705e-01	-2.2204460492503131e-16	-2.2204460492503131e-16	-2.9235392503678595e-06	-1.1600718306002878e-06
972	1.4999999999999702e+00	0	1	278	324	324	-5.6790123456790143e-01	-2.2204460492503131e-16	-2.2204460492503131e-16	-2.9409931430574675e-06	-8.2889407165424029e-06
972	1.4999999999999702e+00	0	1	279	324	324	-5.5555555555555580e-01	-2.2204460492503131e-16	-2.2204460492503131e-16	-2.8805199228906910e-06	-1.5377691992455049e-05
972	1.4999999999999702e+00	0	1	280	324	324	-5.4320987654321007e-01	-2.2204460492503131e-16	-2.2204460492503131e-16	-2.7438377409922525e-06	-2.2175336672878761e-05
972	1.4999999999999702e+00	0	1	281	324	324	-5.3086419753086433e-01	-2.2204460492503131e-16	-2.2204460492503131e-16	-2.5354755804495759e-06	-2.8440951479107189e-05
972	1.4999999999999702e+00	0	1	282	324	324	-5.1851851851851871e-01	-2.2204460492503131e-16	-2.2204460492503131e-16	-2.2625981697214745e-06	-3.3954897855414502e-05
972	1.4999999999999702e+00	0	1	283	324	324	-5.0617283950617309e-01	-2.2204460492503131e-16	-2.2204460492503131e-16	-1.9347073033510856e-06	-3.8528974650504267e-05
972	1.4999999999999702e+00	0	1	284	324	324	-4.9382716049382736e-01	-2.2204460492503131e-16	-2.2204460492503131e-16	-1.5632350415510149e-06	-4.2014767187317737e-05
972	1.4999999999999702e+00	0	1	285	324	324	-4.8148148148148168e-01	-2.2204460492503131e-16	-2.2204460492503131e-16	-1.1610565594951067e-06	-4.4310826392202723e-05
972	1.4999999999999702e+00	0	1	286	324	324	-4.6913580246913600e-01	-2.2204460492503131e-16	-2.2204460492503131e-16	-7.4191807124573448e-07	-4.5366486093662967e-05
972	1.4999999999999702e+00	0	1	287	324	324	-4.5679012345679032e-01	-2.2204460492503131e-16	-2.2204460492503131e-16	-3.1987414644273980e-07	-4.5183727354461164e-05
972	1.4999999999999702e+00	0	1	288	324	324	-4.4444444444444464e-01	-2.2204460492503131e-16	-2.2204460492503131e-16	9.1299952782464382e-08	-4.3815538526778963e-05
972	1.4999999999999702e+00	0	1	289	324	324	-4.3209876543209896e-01	-2.2204460492503131e-16	-2.2204460492503131e-16	4.7866946147799037e-07	-4.1361569978336053e-05
972	1.4999999999999702e+00	0	1	290	324	324	-4.1975308641975329e-01	-2.2204460492503131e-16	-2.2204460492503131e-16	8.3064981262762261e-07	-3.7961978907869090e-05
972	1.4999999999999702e+00	0	1	291	324	324	-4.0740740740740761e-01	-2.2204460492503131e-16	-2.2204460492503131e-16	1.1374340139305616e-06	-3.3789977327815110e-05
972	1.4999999999999702e+00	0	1	292	324	324	-3.9506172839506193e-01	-2.2204460492503131e-16	-2.2204460492503131e-16	1.3913154999986649e-06	-2.9042962884263114e-05
972	1.4999999999999702e+00	0	1	293	324	324	-3.8271604938271625e-01	-2.2204460492503131e-16	-2.2204460492503131e-16	1.5868984332715549e-06	-2.3932279673977804e-05
972	1.4999999999999702e+00	0	1	294	324	324	-3.7037037037037057e-01	-2.2204460492503131e-16	-2.2204460492503131e-16	1.7211956244341043e-06	-1.8672470134618549e-05
972	1.4999999999999702e+00	0	1	295	324	324	-3.5802469135802489e-01	-2.2204460492503131e-16	-2.2204460492503131e-16	1.7936149754459756e-06	-1.3471158054814911e-05
972	1.4999999999999702e+00	0	1	296	324	324	-3.4567901234567922e-01	-2.2204460492503131e-16	-2.2204460492503131e-16	1.8058375927873816e-06	-8.5201508849878991e-06
972	1.4999999999999702e+00	0	1	297	324	324	-3.3333333333333354e-01	-2.2204460492503131e-16	-2.2204460492503131e-16	1.7615986803268875e-06	-3.9878565736662569e-06
972	1.4999999999999702e+00	0	1	298	324	324	-3.2098765432098786e-01	-2.2204460492503131e-16	-2.2204460492503131e-16	1.6663900114259976e-06	-1.3189034925640150e-08
972	1.4999999999999702e+00	0	1	299	324	324	-3.0864197530864218e-01	-2.2204460492503131e-16	-2.2204460492503131e-16	1.5271052750818439e-06	3.2986598819575076e-06
972	1.4999999999999702e+00	0	1	300	324	324	-2.9629629629629650e-01	-2.2204460492503131e-16	-2.2204460492503131e-16	1.3516495174965562e-06	5.8783617255907973e-06
972	1.4999999999999702e+00	0	1	301	324	324	-2.8395061728395082e-01	-2.2204460492503131e-16	-2.2204460492503131e-16	1.1485341661512474e-06	7.6925923851218114e-06
972	1.4999999999999702e+00	0	1	302	324	324	-2.7160493827160515e-01	-2.2204460492503131e-16	-2.2204460492503131e-16	9.2647932473132952e-07	8.7423331484747888e-06
972	1.4999999999999702e+00	0	1	303	324	324	-2.5925925925925947e-01	-2.2204460492503131e-16	-2.2204460492503131e-16	6.9404319751864573e-07	9.0596006857122026e-06
972	1.4999999999999702e+00	0	1	304	324	324	-2.4691358024691379e-01	-2.2204460492503131e-16	-2.2204460492503131e-16	4.5929380985455161e-07	8.7030030513899830e-06
972	1.4999999999999702e+00	0	1	305	324	324	-2.3456790123456811e-01	-2.2204460492503131e-16	-2.2204460492503131e-16	2.2953390527196049e-07	7.7524524122328287e-06
972	1.4999999999999702e+00	0	1	306	324	324	-2.2222222222222243e-01	-2.2204460492503131e-16	-2.2204460492503131e-16	1.1086372309741250e-08	6.3033935181784614e-06
972	1.4999999999999702e+00	0	1	307	324	324	-2.0987654320987675e-01	-2.2204460492503131e-16	-2.2204460492503131e-16	-1.9085491920819971e-07	4.4605617968981226e-06
972	1.4999999999999702e+00	0	1	308	324	324	-1.9753086419753108e-01	-2.2204460492503131e-16	-2.2204460492503131e-16	-3.7230339321268578e-07	2.3316051594614369e-06
972	1.4999999999999702e+00	0	1	309	324	324	-1.8518518518518540e-01	-2.2204460492503131e-16	-2.2204460492503131e-16	-5.3049488601198152e-07	2.2120846196985149e-08
972	1.4999999999999702e+00	0	1	310	324	324	-1.7283950617283972e-01	-2.2204460492503131e-16	-2.2204460492503131e-16	-6.6385348597753769e-07	-2.3687052804497291e-06
972	1.4999999999999702e+00	0	1	311	324	324	-1.6049382716049404e-01	-2.2204460492503131e-16	-2.2204460492503131e-16	-7.7191366914719029e-07	-4.7512949615169920e-06
972	1.4999999999999702e+00	0	1	312	324	324	-1.4814814814814836e-01	-2.2204460492503131e-16	-2.2204460492503131e-16	-8.5521194863345181e-07	-7.0489017903464893e-06
972	1.4999999999999702e+00	0	1	313	324	324	-1.3580246913580268e-01	-2.2204460492503131e-16	-2.2204460492503131e-16	-9.1512580725026748e-07	-9.2021525169672285e-06
972	1.4999999999999702e+00	0	1	314	324	324	-1.2345679012345701e-01	-2.2204460492503131e-16	-2.2204460492503131e-16	-9.5369690280398637e-07	-1.1166524021629296e-05
972	1.4999999999999702e+00	0	1	315	324	324	-1.1111111111111133e-01	-2.2204460492503131e-16	-2.2204460492503131e-16	-9.7348284392956042e-07	-1.2912318675805766e-05
972	1.4999999999999702e+00	0	1	316	324	324	-9.8765432098765649e-02	-2.2204460492503131e-16	-2.2204460492503131e-16	-9.7738711118510454e-07	-1.4424194716154394e-05
972	1.4999999999999702e+00	0	1	317	324	324	-8.6419753086419970e-02	-2.2204460492503131e-16	-2.2204460492503131e-16	-9.6853994192602773e-07	-1.5695559662306487e-05
972	1.4999999999999702e+00	0	1	318	324	324	-7.4074074074074292e-02	-2.2204460492503131e-16	-2.2204460492503131e-16	-9.5014946014739725e-07	-1.6737572645626894e-05
972	1.4999999999999702e+00	0	1	319	324	324	-6.1728395061728614e-02	-2.2204460492503131e-16	-2.2204460492503131e-16	-9.2528711230156904e-07	-1.7572556923391088e-05
972	1.4999999999999702e+00	0	1	320	324	324	-4.9382716049382935e-02	-2.2204460492503131e-16	-2.2204460492503131e-16	-8.9685008055566845e-07	-1.8219087366088637e-05
972	1.4999999999999702e+00	0	1	321	324	324	-3.7037037037037257e-02	-2.2204460492503131e-16	-2.2204460492503131e-16	-8.6752516050884166e-07	-1.8703097906155646e-05
972	1.4999999999999702e+00	0	1	322	324	324	-2.4691358024691579e-02	-2.2204460492503131e-16	-2.2204460492503131e-16	-8.3965333845933381e-07	-1.9053353435803423e-05
972	1.4999999999999702e+00	0	1	323	324	324	-1.2345679012345900e-02	-2.2204460492503131e-16	-2.2204460492503131e-16	-8.1522502761656681e-07	-1.9289213543992549e-05
972	1.4999999999999702e+00	0	1	324	324	324	-2.2204460492503131e-16	-2.2204460492503131e-16	-2.2204460492503131e-16	-7.9585666367370216e-07	-1.9431840513951429e-05
972	1.4999999999999702e+00	0	1	325	324	324	1.2345679012345456e-02	-2.2204460492503131e-16	-2.2204460492503131e-16	-7.8269460131616430e-07	-1.9505086393643000e-05
972	1.4999999999999702e+00	0	1	326	324	324	2.4691358024691135e-02	-2.2204460492503131e-16	-2.2204460492503131e-16	-7.7642584639034565e-07	-1.9519997598951476e-05
972	1.4999999999999702e+00	0	1	327	324	324	3.7037037037036813e-02	-2.2204460492503131e-16	-2.2204460492503131e-16	-7.7729228099984469e-07	-1.9473524627037029e-05
972	1.4999999999999702e+00	0	1	328	324	324	4.9382716049382491e-02	-2.2204460492503131e-16	-2.2204460492503131e-16	-7.8509137687136901e-07	-1.9362671988154668e-05
972	1.4999999999999702e+00	0	1	329	324	324	6.1728395061728170e-02	-2.2204460492503131e-16	-2.2204460492503131e-16	-7.9922848837228359e-07	-1.9180549331341536e-05
972	1.4999999999999702e+00	0	1	330	324	324	7.4074074074073848e-02	-2.2204460492503131e-16	-2.2204460492503131e-16	-8.1863979112641290e-07	-1.8902705038606987e-05
972	1.4999999999999702e+00	0	1	331	324	324	8.6419753086419526e-02	-2.2204460492503131e-16	-2.2204460492503131e-16	-8.4174257636559879e-07	-1.8505175903924774e-05
972	1.4999999999999702e+00	0	1	332	324	324	9.8765432098765205e-02	-2.2204460492503131e-16	-2.2204460492503131e-16	-8.6660724139872498e-07	-1.7971095465100476e-05
972	1.4999999999999702e+00	0	1	333	324	324	1.1111111111111088e-01	-2.2204460492503131e-16	-2.2204460492503131e-16	-8.9098914842671608e-07	-1.7271929997097884e-05
972	1.4999999999999702e+00	0	1	334	324	324	1.2345679012345656e-01	-2.2204460492503131e-16	-2.2204460492503131e-16	-9.1227575072838317e-07	-1.6379030950235092e-05
972	1.4999999999999702e+00	0	1	335	324	324	1.3580246913580224e-01	-2.2204460492503131e-16	-2.2204460492503131e-16	-9.2759658459570124e-07	-1.5271226225452942e-05
972	1.4999999999999702e+00	0	1	336	324	324	1.4814814814814792e-01	-2.2204460492503131e-16	-2.2204460492503131e-16	-9.3388814052854002e-07	-1.3929354043919593e-05
972	1.4999999999999702e+00	0	1	337	324	324	1.6049382716049360e-01	-2.2204460492503131e-16	-2.2204460492503131e-16	-9.2798879183327316e-07	-1.2347254567141557e-05
972	1.4999999999999702e+00	0	1	338	324	324	1.7283950617283927e-01	-2.2204460492503131e-16	-2.2204460492503131e-16	-9.0681013623238632e-07	-1.0531017768439790e-05
972	1.4999999999999702e+00	0	1	339	324	324	1.8518518518518495e-01	-2.2204460492503131e-16	-2.2204460492503131e-16	-8.6744719495741716e-07	-8.4965924582457993e-06
972	1.4999999999999702e+00	0	1	340	324	324	1.9753086419753063e-01	-2.2204460492503131e-16	-2.2204460492503131e-16	-8.0731419232347331e-07	-6.2750346042542410e-06
972	1.4999999999999702e+00	0	1	341	324	324	2.0987654320987631e-01	-2.2204460492503131e-16	-2.2204460492503131e-16	-7.2431086144652020e-07	-3.9129504210374398e-06
972	1.4999999999999702e+00	0	1	342	324	324	2.2222222222222199e-01	-2.2204460492503131e-16	-2.2204460492503131e-16	-6.1699234652959566e-07	-1.4736485525021257e-06
972	1.4999999999999702e+00	0	1	343	324	324	2.3456790123456767e-01	-2.2204460492503131e-16	-2.2204460492503131e-16	-4.8474313612256078e-07	9.6430224467383198e-07
972	1.4999999999999702e+00	0	1	344	324	324	2.4691358024691334e-01	-2.2204460492503131e-16	-2.2204460492503131e-16	-3.2791928354782727e-07	3.3102030166358020e-06
972	1.4999999999999702e+00	0	1	345	324	324	2.5925925925925902e-01	-2.2204460492503131e-16	-2.2204460492503131e-16	-1.4796352267353244e-07	5.4634999566515866e-06
972	1.4999999999999702e+00	0	1	346	324	324	2.7160493827160470e-01	-2.2204460492503131e-16	-2.2204460492503131e-16	5.2507754304174730e-08	7.3172699976123605e-06
972	1.4999999999999702e+00	0	1	347	324	324	2.8395061728395038e-01	-2.2204460492503131e-16	-2.2204460492503131e-16	2.6966006114818138e-07	8.7628444343424599e-06
972	1.4999999999999702e+00	0	1	348	324	324	2.9629629629629606e-01	-2.2204460492503131e-16	-2.2204460492503131e-16	4.9845122262201722e-07	9.6955077962510755e-06
972	1.4999999999999702e+00	0	1	349	324	324	3.0864197530864174e-01	-2.2204460492503131e-16	-2.2204460492503131e-16	7.3270652378305108e-07	1.0020641972950132e-05
972	1.4999999999999702e+00	0	1	350	324	324	3.2098765432098741e-01	-2.2204460492503131e-16	-2.2204460492503131e-16	9.6525969066013596e-07	9.6597060101994928e-06
972	1.4999999999999702e+00	0	1	351	324	324	3.3333333333333309e-01	-2.2204460492503131e-16	-2.2204460492503131e-16	1.1881580012836041e-06	8.5560102162784093e-06
972	1.4999999999999702e+00	0	1	352	324	324	3.4567901234567877e-01	-2.2204460492503131e-16	-2.2204460492503131e-16	1.3929293446447909e-06	6.6800179796967732e-06
972	1.4999999999999702e+00	0	1	353	324	324	3.5802469135802445e-01	-2.2204460492503131e-16	-2.2204460492503131e-16	1.5709047308575612e-06	4.0337726997925082e-06
972	1.4999999999999702e+00	0	1	354	324	324	3.7037037037037013e-01	-2.2204460492503131e-16	-2.2204460492503131e-16	1.7135843525461636e-06	6.5409525764612538e-07
972	1.4999999999999702e+00	0	1	355	324	324	3.8271604938271581e-01	-2.2204460492503131e-16	-2.2204460492503131e-16	1.8130311933113217e-06	-3.3859007293434342e-06
972	1.4999999999999702e+00	0	1	356	324	324	3.9506172839506148e-01	-2.2204460492503131e-16	-2.2204460492503131e-16	1.8622744930354137e-06	-7.9773128031350008e-06
972	1.4999999999999702e+00	0	1	357	324	324	4.0740740740740716e-01	-2.2204460492503131e-16	-2.2204460492503131e-16	1.8557032524093105e-06	-1.2977895512678661e-05
972	1.4999999999999702e+00	0	1	358	324	324	4.1975308641975284e-01	-2.2204460492503131e-16	-2.2204460492503131e-16	1.7894252829700734e-06	-1.8216155522358365e-05
972	1.4999999999999702e+00	0	1	359	324	324	4.3209876543209852e-01	-2.2204460492503131e-16	-2.2204460492503131e-16	1.6615665584139576e-06	-2.3497233313165488e-05
972	1.4999999999999702e+00	0	1	360	324	324	4.4444444444444420e-01	-2.2204460492503131e-16	-2.2204460492503131e-16	1.4724935003325200e-06	-2.8611017677200257e-05
972	1.4999999999999702e+00	0	1	361	324	324	4.5679012345678988e-01	-2.2204460492503131e-16	-2.2204460492503131e-16	1.2249484296333898e-06	-3.3342086919647356e-05
972	1.4999999999999702e+00	0	1	362	324	324	4.6913580246913555e-01	-2.2204460492503131e-16	-2.2204460492503131e-16	9.2408516920376834e-07	-3.7479976043418219e-05
972	1.4999999999999702e+00	0	1	363	324	324	4.8148148148148123e-01	-2.2204460492503131e-16	-2.2204460492503131e-16	5.7738588560220952e-07	-4.0828696866375060e-05
972	1.4999999999999702e+00	0	1	364	324	324	4.9382716049382691e-01	-2.2204460492503131e-16	-2.2204460492503131e-16	1.9444939167263637e-07	-4.3215892444107396e-05
972	1.4999999999999702e+00	0	1	365	324	324	5.0617283950617264e-01	-2.2204460492503131e-16	-2.2204460492503131e-16	-2.1333697089075475e-07	-4.4502259907228228e-05
972	1.4999999999999702e+00	0	1	366	324	324	5.1851851851851827e-01	-2.2204460492503131e-16	-2.2204460492503131e-16	-6.3322078068511066e-07	-4.4590465165602507e-05
972	1.4999999999999702e+00	0	1	367	324	324	5.3086419753086389e-01	-2.2204460492503131e-16	-2.2204460492503131e-16	-1.0515544529915742e-06	-4.3431490440911459e-05
972	1.4999999999999702e+00	0	1	368	324	324	5.4320987654320962e-01	-2.2204460492503131e-16	-2.2204460492503131e-16	-1.4543599750763907e-06	-4.1028522989261220e-05
972	1.4999999999999702e+00	0	1	369	324	324	5.5555555555555536e-01	-2.2204460492503131e-16	-2.2204460492503131e-16	-1.8279022805123936e-06	-3.7436905133292202e-05
972	1.4999999999999702e+00	0	1	370	324	324	5.6790123456790098e-01	-2.2204460492503131e-16	-2.2204460492503131e-16	-2.1592754098801929e-06	-3.2762453590662801e-05
972	1.4999999999999702e+00	0	1	371	324	324	5.8024691358024660e-01	-2.2204460492503131e-16	-2.2204460492503131e-16	-2.4369605016196888e-06	-2.7157254386693999e-05
972	1.4999999999999702e+00	0	1	372	324	324	5.9259259259259234e-01	-2.2204460492503131e-16	-2.2204460492503131e-16	-2.6513233474950556e-06	-2.0813107725014637e-05
972	1.4999999999999702e+00	0	1	373	324	324	6.0493827160493807e-01	-2.2204460492503131e-16	-2.2204460492503131e-16	-2.7950261102697643e-06	-1.3952805775587141e-05
972	1.4999999999999702e+00	0	1	374	324	324	6.1728395061728369e-01	-2.2204460492503131e-16	-2.2204460492503131e-16	-2.8633329187123475e-06	-6.8197659119348169e-06
972	1.4999999999999702e+00	0	1	375	324	324	6.2962962962962932e-01	-2.2204460492503131e-16	-2.2204460492503131e-16	-2.8542942019543304e-06	3.3332962804766102e-07
972	1.4999999999999702e+00	0	1	376	324	324	6.4197530864197505e-01	-2.2204460492503131e-16	-2.2204460492503131e-16	-2.7688009865384652e-06	7.2562321907122134e-06
972	1.4999999999999702e+00	0	1	377	324	324	6.5432098765432078e-01	-2.2204460492503131e-16	-2.2204460492503131e-16	-2.6105077622701102e-06	1.3712518925679425e-05
972	1.4999999999999702e+00	0	1	378	324	324	6.6666666666666641e-01	-2.2204460492503131e-16	-2.2204460492503131e-16	-2.3856300006753039e-06	1.9490066641700450e-05
972	1.4999999999999702e+00	0	1	379	324	324	6.7901234567901203e-01	-2.2204460492503131e-16	-2.2204460492503131e-16	-2.1026293006649141e-06	2.4410052423392116e-05
972	1.4999999999999702e+00	0	1	380	324	324	6.9135802469135776e-01	-2.2204460492503131e-16	-2.2204460492503131e-16	-1.7718049979905626e-06	2.8334032514230759e-05
972	1.4999999999999702e+00	0	1	381	324	324	7.0370370370370350e-01	-2.2204460492503131e-16	-2.2204460492503131e-16	-1.4048157700129578e-06	3.1168774340548100e-05
972	1.4999999999999702e+00	0	1	382	324	324	7.1604938271604912e-01	-2.2204460492503131e-16	-2.2204460492503131e-16	-1.0141578024271320e-06	3.2868661337988629e-05
972	1.4999999999999702e+00	0	1	383	324	324	7.2839506172839474e-01	-2.2204460492503131e-16	-2.2204460492503131e-16	-6.1262758304670166e-07	3.3435647350511365e-05
972	1.4999999999999702e+00	0	1	384	324	324	7.4074074074074048e-01	-2.2204460492503131e-16	-2.2204460492503131e-16	-2.1279686681659584e-07	3.2916862183956629e-05
972	1.4999999999999702e+00	0	1	385	324	324	7.5308641975308621e-01	-2.2204460492503131e-16	-2.2204460492503131e-16	1.7347444868562041e-07	3.1400163168889862e-05
972	1.4999999999999702e+00	0	1	386	324	324	7.6543209876543183e-01	-2.2204460492503131e-16	-2.2204460492503131e-16	5.3546502200882244e-07	2.9007929541432706e-05
972	1.4999999999999702e+00	0	1	387	324	324	7.7777777777777746e-01	-2.2204460492503131e-16	-2.2204460492503131e-16	8.6394119819049268e-07	2.5889547740089690e-05
972	1.4999999999999702e+00	0	1	388	324	324	7.9012345679012319e-01	-2.2204460492503131e-16	-2.2204460492503131e-16	1.1514152934876580e-06	2.2213175994406642e-05
972	1.4999999999999702e+00	0	1	389	324	324	8.0246913580246892e-01	-2.2204460492503131e-16	-2.2204460492503131e-16	1.3923068027617063e-06	1.8156993814359007e-05
972	1.4999999999999702e+00	0	1	390	324	324	8.1481481481481455e-01	-2.2204460492503131e-16	-2.2204460492503131e-16	1.5830073593340504e-06	1.3900728301430298e-05
972	1.4999999999999702e+00	0	1	391	324	324	8.2716049382716017e-01	-2.2204460492503131e-16	-2.2204460492503131e-16	1.7218493307888513e-06	9.6180856819505500e-06
972	1.4999999999999702e+00	0	1	392	324	324	8.3950617283950590e-01	-2.2204460492503131e-16	-2.2204460492503131e-16	1.8089904449435697e-06	5.4692784840319753e-06
972	1.4999999999999702e+00	0	1	393	324	324	8.5185185185185164e-01	-2.2204460492503131e-16	-2.2204460492503131e-16	1.8462351762105460e-06	1.5951267377176115e-06
972	1.4999999999999702e+00	0	1	394	324	324	8.6419753086419726e-01	-2.2204460492503131e-16	-2.2204460492503131e-16	1.8367908213492296e-06	-1.8857881450631830e-06
972	1.4999999999999702e+00	0	1	395	324	324	8.7654320987654288e-01	-2.2204460492503131e-16	-2.2204460492503131e-16	1.7849776351597929e-06	-4.8811753959113191e-06
972	1.4999999999999702e+00	0	1	396	324	324	8.8888888888888862e-01	-2.2204460492503131e-16	-2.2204460492503131e-16	1.6959538555278916e-06	-7.3293958717385310e-06
972	1.4999999999999702e+00	0	1	397	324	324	9.0123456790123435e-01	-2.2204460492503131e-16	-2.2204460492503131e-16	1.5754373911148339e-06	-9.1951031819526019e-06
972	1.4999999999999702e+00	0	1	398	324	324	9.1358024691357997e-01	-2.2204460492503131e-16	-2.2204460492503131e-16	1.4293588087377698e-06	-1.0462367685204477e-05
972	1.4999999999999702e+00	0	1	399	324	324	9.2592592592592560e-01	-2.2204460492503131e-16	-2.2204460492503131e-16	1.2635522961598061e-06	-1.1141382889004459e-05
972	1.4999999999999702e+00	0	1	400	324	324	9.3827160493827133e-01	-2.2204460492503131e-16	-2.2204460492503131e-16	1.0836399500164032e-06	-1.1276414928124145e-05
972	1.4999999999999702e+00	0	1	401	324	324	9.5061728395061706e-01	-2.2204460492503131e-16	-2.2204460492503131e-16	8.9495866776971578e-07	-1.0928812913507668e-05
972	1.4999999999999702e+00	0	1	402	324	324	9.6296296296296269e-01	-2.2204460492503131e-16	-2.2204460492503131e-16	7.0226480830375138e-07	-1.0150169122480346e-05
972	1.4999999999999702e+00	0	1	403	324	324	9.7530864197530831e-01	-2.2204460492503131e-16	-2.2204460492503131e-16	5.0936552451440187e-07	-8.9855744406230897e-06
972	1.4999999999999702e+00	0	1	404	324	324	9.8765432098765404e-01	-2.2204460492503131e-16	-2.2204460492503131e-16	3.1909008561120666e-07	-7.5079745612272042e-06
972	1.4999999999999702e+00	0	1	405	324	324	9.9999999999999978e-01	-2.2204460492503131e-16	-2.2204460492503131e-16	1.3386216040495169e-07	-5.8671161815015971e-06
972	1.4999999999999702e+00	0	1	406	324	324	1.0123456790123453e+00	-2.2204460492503131e-16	-2.2204460492503131e-16	-4.3417205195656061e-08	-3.7619470243943631e-06
972	1.4999999999999702e+00	0	1	407	324	324	1.0246913580246910e+00	-2.2204460492503131e-16	-2.2204460492503131e-16	-1.2997579919978925e-07	-1.1137694352933263e-06
972	1.4999999999999702e+00	0	1	408	324	324	1.0370370370370368e+00	-2.2204460492503131e-16	-2.2204460492503131e-16	-2.0064646098771899e-07	1.1999934452777694e-06
972	1.4999999999999702e+00	0	1	409	324	324	1.0493827160493825e+00	-2.2204460492503131e-16	-2.2204460492503131e-16	-3.1665727134921938e-07	2.2542352588472703e-06
972	1.4999999999999702e+00	0	2	565	648	648	-5.1234567901234584e-01	-2.2204460492503131e-16	-2.2204460492503131e-16	-2.1048544465325441e-06	-3.6369712493837641e-05
972	1.4999999999999702e+00	0	2	566	648	648	-5.0617283950617309e-01	-2.2204460492503131e-16	-2.2204460492503131e-16	-1.9347073033510856e-06	-3.8528974650504267e-05
972	1.4999999999999702e+00	0	2	567	648	648	-5.0000000000000022e-01	-2.2204460492503131e-16	-2.2204460492503131e-16	-1.7536412674218221e-06	-4.0415392508598356e-05
972	1.4999999999999702e+00	0	2	568	648	648	-4.9382716049382736e-01	-2.2204460492503131e-16	-2.2204460492503131e-16	-1.5632350415510149e-06	-4.2014767187317737e-05
972	1.4999999999999702e+00	0	2	569	648	648	-4.8765432098765449e-01	-2.2204460492503131e-16	-2.2204460492503131e-16	-1.3651392033691652e-06	-4.3315906495665364e-05
972	1.4999999999999702e+00	0	2	570	648	648	-4.8148148148148168e-01	-2.2204460492503131e-16	-2.2204460492503131e-16	-1.1610565594951067e-06	-4.4310826392202723e-05
972	1.4999999999999702e+00	0	2	571	648	648	-4.7530864197530887e-01	-2.2204460492503131e-16	-2.2204460492503131e-16	-9.5272915244806061e-07	-4.4994812451187073e-05
972	1.4999999999999702e+00	0	2	572	648	648	-4.6913580246913600e-01	-2.2204460492503131e-16	-2.2204460492503131e-16	-7.4191807124573448e-07	-4.5366486093662967e-05
972	1.4999999999999702e+00	0	2	573	648	648	-4.6296296296296313e-01	-2.2204460492503131e-16	-2.2204460492503131e-16	-5.3038503741601967e-07	-4.5427752862664047e-05
972	1.4999999999999702e+00	0	2	574	648	648	-4.5679012345679032e-01	-2.2204460492503131e-16	-2.2204460492503131e-16	-3.1987414644273980e-07	-4.5183727354461164e-05
972	1.4999999999999702e+00	0	2	575	648	648	-4.5061728395061751e-01	-2.2204460492503131e-16	-2.2204460492503131e-16	-1.1209394399075027e-07	-4.4642611823317097e-05
972	1.4999999999999702e+00	0	2	576	648	648	-4.4444444444444464e-01	-2.2204460492503131e-16	-2.2204460492503131e-16	9.1299952782464382e-08	-4.3815538526778963e-05
972	1.4999999999999702e+00	0	2	577	648	648	-4.3827160493827177e-01	-2.2204460492503131e-16	-2.2204460492503131e-16	2.8872144130241590e-07	-4.2716385130490246e-05
972	1.4999999999999702e+00	0	2	578	648	648	-4.3209876543209896e-01	-2.2204460492503131e-16	-2.2204460492503131e-16	4.7866946147799037e-07	-4.1361569978336053e-05
972	1.4999999999999702e+00	0	2	579	648	648	-4.2592592592592615e-01	-2.2204460492503131e-16	-2.2204460492503131e-16	6.5974220832505685e-07	-3.9769829883129127e-05
972	1.4999999999999702e+00	0	2	580	648	648	-4.1975308641975329e-01	-2.2204460492503131e-16	-2.2204460492503131e-16	8.3064981262762261e-07	-3.7961978907869090e-05
972	1.4999999999999702e+00	0	2	581	648	648	-4.1358024691358042e-01	-2.2204460492503131e-16	-2.2204460492503131e-16	9.9022533788853774e-07	-3.5960644387908241e-05
972	1.4999999999999702e+00	0	2	582	648	648	-4.0740740740740761e-01	-2.2204460492503131e-16	-2.2204460492503131e-16	1.1374340139305616e-06	-3.3789977327815110e-05
972	1.4999999999999702e+00	0	2	583	648	648	-4.0123456790123480e-01	-2.2204460492503131e-16	-2.2204460492503131e-16	1.2713806870347006e-06	-3.1475338040044652e-05
972	1.4999999999999702e+00	0	2	584	648	648	-3.9506172839506193e-01	-2.2204460492503131e-16	-2.2204460492503131e-16	1.3913154999986649e-06	-2.9042962884263114e-05
972	1.4999999999999702e+00	0	2	585	648	648	-3.8888888888888906e-01	-2.2204460492503131e-16	-2.2204460492503131e-16	1.4966378215182559e-06	-2.6519622036589109e-05
972	1.4999999999999702e+00	0	2	586	648	648	-3.8271604938271625e-01	-2.2204460492503131e-16	-2.2204460492503131e-16	1.5868984332715549e-06	-2.3932279673977804e-05
972	1.4999999999999702e+00	0	2	587	648	648	-3.7654320987654344e-01	-2.2204460492503131e-16	-2.2204460492503131e-16	1.6617999716861639e-06	-2.1307766398394001e-05
972	1.4999999999999702e+00	0	2	588	648	648	-3.7037037037037057e-01	-2.2204460492503131e-16	-2.2204460492503131e-16	1.7211956244341043e-06	-1.8672470134618549e-05
972	1.4999999999999702e+00	0	2	589	648	648	-3.6419753086419770e-01	-2.2204460492503131e-16	-2.2204460492503131e-16	1.7650861057315990e-06	-1.6052047870806584e-05
972	1.4999999999999702e+00	0	2	590	648	648	-3.5802469135802489e-01	-2.2204460492503131e-16	-2.2204460492503131e-16	1.7936149754459756e-06	-1.3471158054814911e-05
972	1.4999999999999702e+00	0	2	591	648	648	-3.5185185185185208e-01	-2.2204460492503131e-16	-2.2204460492503131e-16	1.8070624128317824e-06	-1.0953212894447615e-05
972	1.4999999999999702e+00	0	2	592	648	648	-3.4567901234567922e-01	-2.2204460492503131e-16	-2.2204460492503131e-16	1.8058375927873816e-06	-8.5201508849878991e-06
972	1.4999999999999702e+00	0	2	593	648	648	-3.3950617283950635e-01	-2.2204460492503131e-16	-2.2204460492503131e-16	1.7904698325231440e-06	-6.1922316435384998e-06
972	1.4999999999999702e+00	0	2	594	648	648	-3.3333333333333354e-01	-2.2204460492503131e-16	-2.2204460492503131e-16	1.7615986803268875e-06	-3.9878565736662569e-06
972	1.4999999999999702e+00	0	2	595	648	648	-3.2716049382716073e-01	-2.2204460492503131e-16	-2.2204460492503131e-16	1.7199631138142415e-06	-1.9234193144696315e-06
972	1.4999999999999702e+00	0	2	596	648	648	-3.2098765432098786e-01	-2.2204460492503131e-16	-2.2204460492503131e-16	1.6663900114259976e-06	-1.3189034925640150e-08
972	1.4999999999999702e+00	0	2	597	648	648	-3.1481481481481499e-01	-2.2204460492503131e-16	-2.2204460492503131e-16	1.6017820614103384e-06	1.7307723315555527e-06
972	1.4999999999999702e+00	0	2	598	648	648	-3.0864197530864218e-01	-2.2204460492503131e-16	-2.2204460492503131e-16	1.5271052750818439e-06	3.2986598819575076e-06
972	1.4999999999999702e+00	0	2	599	648	648	-3.0246913580246937e-01	-2.2204460492503131e-16	-2.2204460492503131e-16	1.4433762733347244e-06	4.6829444675008143e-06
972	1.4999999999999702e+00	0	2	600	648	648	-2.9629629629629650e-01	-2.2204460492503131e-16	-2.2204460492503131e-16	1.3516495174965562e-06	5.8783617255907973e-06
972	1.4999999999999702e+00	0	2	601	648	648	-2.9012345679012363e-01	-2.2204460492503131e-16	-2.2204460492503131e-16	1.2530046574069946e-06	6.8818720235886269e-06
972	1.4999999999999702e+00	0	2	602	648	648	-2.8395061728395082e-01	-2.2204460492503131e-16	-2.2204460492503131e-16	1.1485341661512474e-06	7.6925923851218114e-06
972	1.4999999999999702e+00	0	2	603	648	648	-2.7777777777777801e-01	-2.2204460492503131e-16	-2.2204460492503131e-16	1.0393314159902347e-06	8.3117031218401298e-06
972	1.4999999999999702e+00	0	2	604	648	648	-2.7160493827160515e-01	-2.2204460492503131e-16	-2.2204460492503131e-16	9.2647932473132952e-07	8.7423331484747888e-06
972	1.4999999999999702e+00	0	2	605	648	648	-2.6543209876543228e-01	-2.2204460492503131e-16	-2.2204460492503131e-16	8.1103967573046816e-07	8.9894276779384636e-06
972	1.4999999999999702e+00	0	2	606	648	648	-2.5925925925925947e-01	-2.2204460492503131e-16	-2.2204460492503131e-16	6.9404319751864573e-07	9.0596006857122026e-06
972	1.4999999999999702e+00	0	2	607	648	648	-2.5308641975308666e-01	-2.2204460492503131e-16	-2.2204460492503131e-16	5.7648048157645667e-07	8.9609736666407324e-06
972	1.4999999999999702e+00	0	2	608	648	648	-2.4691358024691379e-01	-2.2204460492503131e-16	-2.2204460492503131e-16	4.5929380985455161e-07	8.7030030513899830e-06
972	1.4999999999999702e+00	0	2	609	648	648	-2.4074074074074095e-01	-2.2204460492503131e-16	-2.2204460492503131e-16	3.4336994477955930e-07	8.2963007968043057e-06
972	1.4999999999999702e+00	0	2	610	648	648	-2.3456790123456811e-01	-2.2204460492503131e-16	-2.2204460492503131e-16	2.2953390527196049e-07	7.7524524122328287e-06
972	1.4999999999999702e+00	0	2	611	648	648	-2.2839506172839527e-01	-2.2204460492503131e-16	-2.2204460492503131e-16	1.1854374293861204e-07	7.0838303069977695e-06
972	1.4999999999999702e+00	0	2	612	648	648	-2.2222222222222243e-01	-2.2204460492503131e-16	-2.2204460492503131e-16	1.1086372309741250e-08	6.3033935181784614e-06
972	1.4999999999999702e+00	0	2	613	648	648	-2.1604938271604959e-01	-2.2204460492503131e-16	-2.2204460492503131e-16	-9.2225444775738240e-08	5.4244725574353849e-06
972	1.4999999999999702e+00	0	2	614	648	648	-2.0987654320987675e-01	-2.2204460492503131e-16	-2.2204460492503131e-16	-1.9085491920819971e-07	4.4605617968981226e-06
972	1.4999999999999702e+00	0	2	615	648	648	-2.0370370370370391e-01	-2.2204460492503131e-16	-2.2204460492503131e-16	-2.8434200493617907e-07	3.4251520800420125e-06
972	1.4999999999999702e+00	0	2	616	648	648	-1.9753086419753108e-01	-2.2204460492503131e-16	-2.2204460492503131e-16	-3.7230339321268578e-07	2.3316051594614369e-06
972	1.4999999999999702e+00	0	2	617	648	648	-1.9135802469135824e-01	-2.2204460492503131e-16	-2.2204460492503131e-16	-4.5443186681304296e-07	1.1930283887615433e-06
972	1.4999999999999702e+00	0	2	618	648	648	-1.8518518518518540e-01	-2.2204460492503131e-16	-2.2204460492503131e-16	-5.3049488601198152e-07	2.2120846196985149e-08
972	1.4999999999999702e+00	0	2	619	648	648	-1.7901234567901256e-01	-2.2204460492503131e-16	-2.2204460492503131e-16	-6.0033230329957519e-07	-1.1689681676009523e-06
972	1.4999999999999702e+00	0	2	620	648	648	-1.7283950617283972e-01	-2.2204460492503131e-16	-2.2204460492503131e-16	-6.6385348597753769e-07	-2.3687052804497291e-06
972	1.4999999999999702e+00	0	2	621	648	648	-1.6666666666666688e-01	-2.2204460492503131e-16	-2.2204460492503131e-16	-7.2103427729541089e-07	-3.5661961006967296e-06
972	1.4999999999999702e+00	0	2	622	648	648	-1.6049382716049404e-01	-2.2204460492503131e-16	-2.2204460492503131e-16	-7.7191366914719029e-07	-4.7512949615169920e-06
972	1.4999999999999702e+00	0	2	623	648	648	-1.5432098765432120e-01	-2.2204460492503131e-16	-2.2204460492503131e-16	-8.1658938574833304e-07	-5.9148483828528106e-06
972	1.4999999999999702e+00	0	2	624	648	648	-1.4814814814814836e-01	-2.2204460492503131e-16	-2.2204460492503131e-16	-8.5521194863345181e-07	-7.0489017903464893e-06
972	1.4999999999999702e+00	0	2	625	648	648	-1.4197530864197552e-01	-2.2204460492503131e-16	-2.2204460492503131e-16	-8.8797818125872098e-07	-8.1466466985896508e-06
972	1.4999999999999702e+00	0	2	626	648	648	-1.3580246913580268e-01	-2.2204460492503131e-16	-2.2204460492503131e-16	-9.1512580725026748e-07	-9.2021525169672285e-06
972	1.4999999999999702e+00	0	2	627	648	648	-1.2962962962962984e-01	-2.2204460492503131e-16	-2.2204460492503131e-16	-9.3692951404660015e-07	-1.0210213940195482e-05
972	1.4999999999999702e+00	0	2	628	648	648	-1.2345679012345701e-01	-2.2204460492503131e-16	-2.2204460492503131e-16	-9.5369690280398637e-07	-1.1166524021629296e-05
972	1.4999999999999702e+00	0	2	629	648	648	-1.1728395061728417e-01	-2.2204460492503131e-16	-2.2204460492503131e-16	-9.6576280234847876e-07	-1.2067927761496222e-05
972	1.4999999999999702e+00	0	2	630	648	648	-1.1111111111111133e-01	-2.2204460492503131e-16	-2.2204460492503131e-16	-9.7348284392956042e-07	-1.2912318675805766e-05
972	1.4999999999999702e+00	0	2	631	648	648	-1.0493827160493849e-01	-2.2204460492503131e-16	-2.2204460492503131e-16	-9.7722888967564029e-07	-1.3698162314639868e-05
972	1.4999999999999702e+00	0	2	632	648	648	-9.8765432098765649e-02	-2.2204460492503131e-16	-2.2204460492503131e-16	-9.7738711118510454e-07	-1.4424194716154394e-05
972	1.4999999999999702e+00	0	2	633	648	648	-9.2592592592592809e-02	-2.2204460492503131e-16	-2.2204460492503131e-16	-9.7435589007585118e-07	-1.5089768219537348e-05
972	1.4999999999999702e+00	0	2	634	648	648	-8.6419753086419970e-02	-2.2204460492503131e-16	-2.2204460492503131e-16	-9.6853994192602773e-07	-1.5695559662306487e-05
972	1.4999999999999702e+00	0	2	635	648	648	-8.0246913580247131e-02	-2.2204460492503131e-16	-2.2204460492503131e-16	-9.6034094343537167e-07	-1.6243798616296825e-05
972	1.4999999999999702e+00	0	2	636	648	648	-7.4074074074074292e-02	-2.2204460492503131e-16	-2.2204460492503131e-16	-9.5014946014739725e-07	-1.6737572645626894e-05
972	1.4999999999999702e+00	0	2	637	648	648	-6.7901234567901453e-02	-2.2204460492503131e-16	-2.2204460492503131e-16	-9.3834267856401817e-07	-1.7179755450111453e-05
972	1.4999999999999702e+00	0	2	638	648	648	-6.1728395061728614e-02	-2.2204460492503131e-16	-2.2204460492503131e-16	-9.2528711230156904e-07	-1.7572556923391088e-05
972	1.4999999999999702e+00	0	2	639	648	648	-5.5555555555555775e-02	-2.2204460492503131e-16	-2.2204460492503131e-16	-9.1134073789110823e-07	-1.7918060989103491e-05
972	1.4999999999999702e+00	0	2	640	648	648	-4.9382716049382935e-02	-2.2204460492503131e-16	-2.2204460492503131e-16	-8.9685008055566845e-07	-1.8219087366088637e-05
972	1.4999999999999702e+00	0	2	641	648	648	-4.3209876543210096e-02	-2.2204460492503131e-16	-2.2204460492503131e-16	-8.8214339406651587e-07	-1.8479412728271421e-05
972	1.4999999999999702e+00	0	2	642	648	648	-3.7037037037037257e-02	-2.2204460492503131e-16	-2.2204460492503131e-16	-8.6752516050884166e-07	-1.8703097906155646e-05
972	1.4999999999999702e+00	0	2	643	648	648	-3.0864197530864418e-02	-2.2204460492503131e-16	-2.2204460492503131e-16	-8.5327555185814590e-07	-1.8893578882885641e-05
972	1.4999999999999702e+00	0	2	644	648	648	-2.4691358024691579e-02	-2.2204460492503131e-16	-2.2204460492503131e-16	-8.3965333845933381e-07	-1.9053353435803423e-05
972	1.4999999999999702e+00	0	2	645	648	648	-1.8518518518518740e-02	-2.2204460492503131e-16	-2.2204460492503131e-16	-8.2689755702221419e-07	-1.9184458349224129e-05
972	1.4999999999999702e+00	0	2	646	648	648	-1.2345679012345900e-02	-2.2204460492503131e-16	-2.2204460492503131e-16	-8.1522502761656681e-07	-1.9289213543992549e-05
972	1.4999999999999702e+00	0	2	647	648	648	-6.1728395061730612e-03	-2.2204460492503131e-16	-2.2204460492503131e-16	-8.0482524571975587e-07	-1.9370572498841247e-05
972	1.4999999999999702e+00	0	2	648	648	648	-2.2204460492503131e-16	-2.2204460492503131e-16	-2.2204460492503131e-16	-7.9585666367370216e-07	-1.9431840513951429e-05
972	1.4999999999999702e+00	0	2	649	648	648	6.1728395061726171e-03	-2.2204460492503131e-16	-2.2204460492503131e-16	-7.8844675990625182e-07	-1.9476003805795754e-05
972	1.4999999999999702e+00	0	2	650	648	648	1.2345679012345456e-02	-2.2204460492503131e-16	-2.2204460492503131e-16	-7.8269460131616430e-07	-1.9505086393643000e-05
972	1.4999999999999702e+00	0	2	651	648	648	1.8518518518518295e-02	-2.2204460492503131e-16	-2.2204460492503131e-16	-7.7867261974967196e-07	-1.9519853148399702e-05
972	1.4999999999999702e+00	0	2	652	648	648	2.4691358024691135e-02	-2.2204460492503131e-16	-2.2204460492503131e-16	-7.7642584639034565e-07	-1.9519997598951476e-05
972	1.4999999999999702e+00	0	2	653	648	648	3.0864197530863974e-02	-2.2204460492503131e-16	-2.2204460492503131e-16	-7.7597011971522349e-07	-1.9504743717565826e-05
972	1.4999999999999702e+00	0	2	654	648	648	3.7037037037036813e-02	-2.2204460492503131e-16	-2.2204460492503131e-16	-7.7729228099984469e-07	-1.9473524627037029e-05
972	1.4999999999999702e+00	0	2	655	648	648	4.3209876543209652e-02	-2.2204460492503131e-16	-2.2204460492503131e-16	-7.8035328183071508e-07	-1.9426224350318495e-05
972	1.4999999999999702e+00	0	2	656	648	648	4.9382716049382491e-02	-2.2204460492503131e-16	-2.2204460492503131e-16	-7.8509137687136901e-07	-1.9362671988154668e-05
972	1.4999999999999702e+00	0	2	657	648	648	5.5555555555555330e-02	-2.2204460492503131e-16	-2.2204460492503131e-16	-7.9142128199593357e-07	-1.9281692326689756e-05
972	1.4999999999999702e+00	0	2	658	648	648	6.1728395061728170e-02	-2.2204460492503131e-16	-2.2204460492503131e-16	-7.9922848837228359e-07	-1.9180549331341536e-05
972	1.4999999999999702e+00	0	2	659	648	648	6.7901234567901009e-02	-2.2204460492503131e-16	-2.2204460492503131e-16	-8.0836316687584008e-07	-1.9055431512304163e-05
972	1.4999999999999702e+00	0	2	660	648	648	7.4074074074073848e-02	-2.2204460492503131e-16	-2.2204460492503131e-16	-8.1863979112641290e-07	-1.8902705038606987e-05
972	1.4999999999999702e+00	0	2	661	648	648	8.0246913580246687e-02	-2.2204460492503131e-16	-2.2204460492503131e-16	-8.2984414593565644e-07	-1.8719845996555851e-05
972	1.4999999999999702e+00	0	2	662	648	648	8.6419753086419526e-02	-2.2204460492503131e-16	-2.2204460492503131e-16	-8.4174257636559879e-07	-1.8505175903924774e-05
972	1.4999999999999702e+00	0	2	663	648	648	9.2592592592592365e-02	-2.2204460492503131e-16	-2.2204460492503131e-16	-8.5408612281387993e-07	-1.8256677431147493e-05
972	1.4999999999999702e+00	0	2	664	648	648	9.8765432098765205e-02	-2.2204460492503131e-16	-2.2204460492503131e-16	-8.6660724139872498e-07	-1.7971095465100476e-05
972	1.4999999999999702e+00	0	2	665	648	648	1.0493827160493804e-01	-2.2204460492503131e-16	-2.2204460492503131e-16	-8.7901407788368237e-07	-1.7644210511723863e-05
972	1.4999999999999702e+00	0	2	666	648	648	1.1111111111111088e-01	-2.2204460492503131e-16	-2.2204460492503131e-16	-8.9098914842671608e-07	-1.7271929997097884e-05
972	1.4999999999999702e+00	0	2	667	648	648	1.1728395061728372e-01	-2.2204460492503131e-16	-2.2204460492503131e-16	-9.0219406737579442e-07	-1.6851048154416152e-05
972	1.4999999999999702e+00	0	2	668	648	648	1.2345679012345656e-01	-2.2204460492503131e-16	-2.2204460492503131e-16	-9.1227575072838317e-07	-1.6379030950235092e-05
972	1.4999999999999702e+00	0	2	669	648	648	1.2962962962962940e-01	-2.2204460492503131e-16	-2.2204460492503131e-16	-9.2086912991342210e-07	-1.5853336225883539e-05
972	1.4999999999999702e+00	0	2	670	648	648	1.3580246913580224e-01	-2.2204460492503131e-16	-2.2204460492503131e-16	-9.2759658459570124e-07	-1.5271226225452942e-05
972	1.4999999999999702e+00	0	2	671	648	648	1.4197530864197508e-01	-2.2204460492503131e-16	-2.2204460492503131e-16	-9.3206852674800676e-07	-1.4630335792937866e-05
972	1.4999999999999702e+00	0	2	672	648	648	1.4814814814814792e-01	-2.2204460492503131e-16	-2.2204460492503131e-16	-9.3388814052854002e-07	-1.3929354043919593e-05
972	1.4999999999999702e+00	0	2	673	648	648	1.5432098765432076e-01	-2.2204460492503131e-16	-2.2204460492503131e-16	-9.3265858218562069e-07	-1.3168130148717866e-05
972	1.4999999999999702e+00	0	2	674	648	648	1.6049382716049360e-01	-2.2204460492503131e-16	-2.2204460492503131e-16	-9.2798879183327316e-07	-1.2347254567141557e-05
972	1.4999999999999702e+00	0	2	675	648	648	1.6666666666666644e-01	-2.2204460492503131e-16	-2.2204460492503131e-16	-9.1949646462863919e-07	-1.1467717680893042e-05
972	1.4999999999999702e+00	0	2	676	648	648	1.7283950617283927e-01	-2.2204460492503131e-16	-2.2204460492503131e-16	-9.0681013623238632e-07	-1.0531017768439790e-05
972	1.4999999999999702e+00	0	2	677	648	648	1.7901234567901211e-01	-2.2204460492503131e-16	-2.2204460492503131e-16	-8.8957279170691676e-07	-9.5395091006295033e-06
972	1.4999999999999702e+00	0	2	678	648	648	1.8518518518518495e-01	-2.2204460492503131e-16	-2.2204460492503131e-16	-8.6744719495741716e-07	-8.4965924582457993e-06
972	1.4999999999999702e+00	0	2	679	648	648	1.9135802469135779e-01	-2.2204460492503131e-16	-2.2204460492503131e-16	-8.4012148802998913e-07	-7.4066628407753956e-06
972	1.4999999999999702e+00	0	2	680	648	648	1.9753086419753063e-01	-2.2204460492503131e-16	-2.2204460492503131e-16	-8.0731419232347331e-07	-6.2750346042542410e-06
972	1.4999999999999702e+00	0	2	681	648	648	2.0370370370370347e-01	-2.2204460492503131e-16	-2.2204460492503131e-16	-7.6877911439384670e-07	-5.1080022907625055e-06
972	1.4999999999999702e+00	0	2	682	648	648	2.0987654320987631e-01	-2.2204460492503131e-16	-2.2204460492503131e-16	-7.2431086144652020e-07	-3.9129504210374398e-06
972	1.4999999999999702e+00	0	2	683	648	648	2.1604938271604915e-01	-2.2204460492503131e-16	-2.2204460492503131e-16	-6.7375075736975540e-07	-2.6983532317662461e-06
972	1.4999999999999702e+00	0	2	684	648	648	2.2222222222222199e-01	-2.2204460492503131e-16	-2.2204460492503131e-16	-6.1699234652959566e-07	-1.4736485525021257e-06
972	1.4999999999999702e+00	0	2	685	648	648	2.2839506172839483e-01	-2.2204460492503131e-16	-2.2204460492503131e-16	-5.5398604210964565e-07	-2.4909616639317781e-07
972	1.4999999999999702e+00	0	2	686	648	648	2.3456790123456767e-01	-2.2204460492503131e-16	-2.2204460492503131e-16	-4.8474313612256078e-07	9.6430224467383198e-07
972	1.4999999999999702e+00	0	2	687	648	648	2.4074074074074051e-01	-2.2204460492503131e-16	-2.2204460492503131e-16	-4.0933953693061895e-07	2.1548464761594685e-06
972	1.4999999999999702e+00	0	2	688	648	648	2.4691358024691334e-01	-2.2204460492503131e-16	-2.2204460492503131e-16	-3.2791928354782727e-07	3.3102030166358020e-06
972	1.4999999999999702e+00	0	2	689	648	648	2.5308641975308621e-01	-2.2204460492503131e-16	-2.2204460492503131e-16	-2.4069763038654757e-07	4.4175095088218090e-06
972	1.4999999999999702e+00	0	2	690	648	648	2.5925925925925902e-01	-2.2204460492503131e-16	-2.2204460492503131e-16	-1.4796352267353244e-07	5.4634999566515866e-06
972	1.4999999999999702e+00	0	2	691	648	648	2.6543209876543183e-01	-2.2204460492503131e-16	-2.2204460492503131e-16	-5.0081396507654590e-08	6.4346386705873234e-06
972	1.4999999999999702e+00	0	2	692	648	648	2.7160493827160470e-01	-2.2204460492503131e-16	-2.2204460492503131e-16	5.2507754304174730e-08	7.3172699976123605e-06
972	1.4999999999999702e+00	0	2	693	648	648	2.7777777777777757e-01	-2.2204460492503131e-16	-2.2204460492503131e-16	1.5928616354549083e-07	8.0977913846116500e-06
972	1.4999999999999702e+00	0	2	694	648	648	2.8395061728395038e-01	-2.2204460492503131e-16	-2.2204460492503131e-16	2.6966006114818138e-07	8.7628444343424599e-06
972	1.4999999999999702e+00	0	2	695	648	648	2.9012345679012319e-01	-2.2204460492503131e-16	-2.2204460492503131e-16	3.8296149701943704e-07	9.2995113476707919e-06
972	1.4999999999999702e+00	0	2	696	648	648	2.9629629629629606e-01	-2.2204460492503131e-16	-2.2204460492503131e-16	4.9845122262201722e-07	9.6955077962510755e-06
972	1.4999999999999702e+00	0	2	697	648	648	3.0246913580246892e-01	-2.2204460492503131e-16	-2.2204460492503131e-16	6.1532260125633270e-07	9.9393705237449553e-06
972	1.4999999999999702e+00	0	2	698	648	648	3.0864197530864174e-01	-2.2204460492503131e-16	-2.2204460492503131e-16	7.3270652378305108e-07	1.0020641972950132e-05
972	1.4999999999999702e+00	0	2	699	648	648	3.1481481481481455e-01	-2.2204460492503131e-16	-2.2204460492503131e-16	8.4967732366314209e-07	9.9300535630362083e-06
972	1.4999999999999702e+00	0	2	700	648	648	3.2098765432098741e-01	-2.2204460492503131e-16	-2.2204460492503131e-16	9.6525969066013596e-07	9.6597060101994928e-06
972	1.4999999999999702e+00	0	2	701	648	648	3.2716049382716028e-01	-2.2204460492503131e-16	-2.2204460492503131e-16	1.0784365690226428e-06	9.2032424724862894e-06
972	1.4999999999999702e+00	0	2	702	648	648	3.3333333333333309e-01	-2.2204460492503131e-16	-2.2204460492503131e-16	1.1881580012836041e-06	8.5560102162784093e-06
972	1.4999999999999702e+00	0	2	703	648	648	3.3950617283950590e-01	-2.2204460492503131e-16	-2.2204460492503131e-16	1.2933508544433002e-06	7.7152080839968647e-06
972	1.4999999999999702e+00	0	2	704	648	648	3.4567901234567877e-01	-2.2204460492503131e-16	-2.2204460492503131e-16	1.3929293446447909e-06	6.6800179796967732e-06
972	1.4999999999999702e+00	0	2	705	648	648	3.5185185185185164e-01	-2.2204460492503131e-16	-2.2204460492503131e-16	1.4858062561848701e-06	5.4517178962860298e-06
972	1.4999999999999702e+00	0	2	706	648	648	3.5802469135802445e-01	-2.2204460492503131e-16	-2.2204460492503131e-16	1.5709047308575612e-06	4.0337726997925082e-06
972	1.4999999999999702e+00	0	2	707	648	648	3.6419753086419726e-01	-2.2204460492503131e-16	-2.2204460492503131e-16	1.6471704904128936e-06	2.4318982914286311e-06
972	1.4999999999999702e+00	0	2	708	648	648	3.7037037037037013e-01	-2.2204460492503131e-16	-2.2204460492503131e-16	1.7135843525461636e-06	6.5409525764612538e-07
972	1.4999999999999702e+00	0	2	709	648	648	3.7654320987654299e-01	-2.2204460492503131e-16	-2.2204460492503131e-16	1.7691749041771241e-06	-1.2893505185846615e-06
972	1.4999999999999702e+00	0	2	710	648	648	3.8271604938271581e-01	-2.2204460492503131e-16	-2.2204460492503131e-16	1.8130311933113217e-06	-3.3859007293434342e-06
972	1.4999999999999702e+00	0	2	711	648	648	3.8888888888888862e-01	-2.2204460492503131e-16	-2.2204460492503131e-16	1.8443152843014112e-06	-5.6208289847230525e-06
972	1.4999999999999702e+00	0	2	712	648	648	3.9506172839506148e-01	-2.2204460492503131e-16	-2.2204460492503131e-16	1.8622744930354137e-06	-7.9773128031350008e-06
972	1.4999999999999702e+00	0	2	713	648	648	4.0123456790123435e-01	-2.2204460492503131e-16	-2.2204460492503131e-16	1.8662530906305289e-06	-1.0436549579332700e-05
972	1.4999999999999702e+00	0	2	714	648	648	4.0740740740740716e-01	-2.2204460492503131e-16	-2.2204460492503131e-16	1.8557032524093105e-06	-1.2977895512678661e-05
972	1.4999999999999702e+00	0	2	715	648	648	4.1358024691357997e-01	-2.2204460492503131e-16	-2.2204460492503131e-16	1.8301950444723482e-06	-1.5579030552960167e-05
972	1.4999999999999702e+00	0	2	716	648	648	4.1975308641975284e-01	-2.2204460492503131e-16	-2.2204460492503131e-16	1.7894252829700734e-06	-1.8216155522358365e-05
972	1.4999999999999702e+00	0	2	717	648	648	4.2592592592592571e-01	-2.2204460492503131e-16	-2.2204460492503131e-16	1.7332251576312438e-06	-2.0864227289892117e-05
972	1.4999999999999702e+00	0	2	718	648	648	4.3209876543209852e-01	-2.2204460492503131e-16	-2.2204460492503131e-16	1.6615665584139576e-06	-2.3497233313165488e-05
972	1.4999999999999702e+00	0	2	719	648	648	4.3827160493827133e-01	-2.2204460492503131e-16	-2.2204460492503131e-16	1.5745670605701996e-06	-2.6088499428841512e-05
972	1.4999999999999702e+00	0	2	720	648	648	4.4444444444444420e-01	-2.2204460492503131e-16	-2.2204460492503131e-16	1.4724935003325200e-06	-2.8611017677200257e-05
972	1.4999999999999702e+00	0	2	721	648	648	4.5061728395061706e-01	-2.2204460492503131e-16	-2.2204460492503131e-16	1.3557640223585723e-06	-3.1037777619923973e-05
972	1.4999999999999702e+00	0	2	722	648	648	4.5679012345678988e-01	-2.2204460492503131e-16	-2.2204460492503131e-16	1.2249484296333898e-06	-3.3342086919647356e-05
972	1.4999999999999702e+00	0	2	723	648	648	4.6296296296296269e-01	-2.2204460492503131e-16	-2.2204460492503131e-16	1.0807666497285984e-06	-3.5497874171017700e-05
972	1.4999999999999702e+00	0	2	724	648	648	4.6913580246913555e-01	-2.2204460492503131e-16	-2.2204460492503131e-16	9.2408516920376834e-07	-3.7479976043418219e-05
972	1.4999999999999702e+00	0	2	725	648	648	4.7530864197530842e-01	-2.2204460492503131e-16	-2.2204460492503131e-16	7.5591137832106235e-07	-3.9264417682573128e-05
972	1.4999999999999702e+00	0	2	726	648	648	4.8148148148148123e-01	-2.2204460492503131e-16	-2.2204460492503131e-16	5.7738588560220952e-07	-4.0828696866375060e-05
972	1.4999999999999702e+00	0	2	727	648	648	4.8765432098765404e-01	-2.2204460492503131e-16	-2.2204460492503131e-16	3.8977296861962958e-07	-4.2152077903127314e-05
972	1.4999999999999702e+00	0	2	728	648	648	4.9382716049382691e-01	-2.2204460492503131e-16	-2.2204460492503131e-16	1.9444939167263637e-07	-4.3215892444107396e-05
972	1.4999999999999702e+00	0	2	729	648	648	4.9999999999999978e-01	-2.2204460492503131e-16	-2.2204460492503131e-16	-7.1081783935208635e-09	-4.4003834108557240e-05
972	1.4999999999999702e+00	0	2	730	648	648	5.0617283950617264e-01	-2.2204460492503131e-16	-2.2204460492503131e-16	-2.1333697089075475e-07	-4.4502259907228228e-05
972	1.4999999999999702e+00	0	2	731	648	648	5.1234567901234540e-01	-2.2204460492503131e-16	-2.2204460492503131e-16	-4.2260530653058172e-07	-4.4700374407679877e-05
972	1.4999999999999702e+00	0	2	732	648	648	5.1851851851851827e-01	-2.2204460492503131e-16	-2.2204460492503131e-16	-6.3322078068511066e-07	-4.4590465165602507e-05
972	1.4999999999999702e+00	0	2	733	648	648	5.2469135802469113e-01	-2.2204460492503131e-16	-2.2204460492503131e-16	-8.4345398464391942e-07	-4.4167899067566631e-05
